1 -1 -2
2 -1 -2
3 -1 -2
4 -1 -2
5 -1 -2
6 -1 -2
7 -1 -2
8 -1 -2
9 -1 -2
10 -1 -2
11 -1 -2
12 -1 -2
13 -1 -2
14 -1 -2
15 16 17 18 19 20 21 22 -1 -2
23 -1 -2
24 -1 -2
25 -1 -2
26 -1 -2
27 -1 -2
28 -1 -2
29 30 -1 -2
31 -1 -2
32 -1 -2
33 -1 -2
34 -1 -2
35 -1 -2
36 -1 -2
37 -1 -2
38 -1 -2
39 -1 -2
40 -1 -2
41 -1 -2
42 -1 -2
43 -1 -2
44 -1 -2
45 46 47 48 -1 -2
49 -1 -2
50 -1 -2
51 -1 -2
52 -1 -2
53 -1 -2
54 -1 -2
55 -1 -2
56 -1 -2
57 -1 -2
58 -1 -2
59 -1 -2
60 -1 -2
61 -1 -2
62 -1 -2
63 -1 -2
64 -1 -2
65 -1 -2
66 -1 -2
67 -1 -2
68 -1 -2
69 -1 -2
70 -1 -2
71 -1 -2
72 -1 -2
73 -1 -2
74 -1 -2
75 -1 -2
76 -1 -2
77 -1 -2
78 -1 -2
79 -1 -2
80 -1 -2
81 82 83 84 85 86 87 88 89 90 91 92 93 94 95 96 97 98 99 100 101 102 103 104 105 106 107 108 109 110 111 112 113 114 115 -1 -2
79 -1 -2
116 -1 -2
117 -1 -2
118 -1 -2
80 -1 -2
117 -1 -2
79 -1 -2
119 -1 -2
116 -1 -2
120 -1 -2
120 -1 -2
77 -1 -2
116 -1 -2
79 -1 -2
80 -1 -2
116 -1 -2
120 -1 -2
121 -1 -2
120 -1 -2
120 -1 -2
120 -1 -2
79 -1 -2
122 -1 -2
120 -1 -2
116 -1 -2
79 -1 -2
123 -1 -2
124 125 79 -1 -2
120 -1 -2
77 -1 -2
126 -1 -2
120 -1 -2
127 -1 -2
77 -1 -2
128 -1 -2
129 -1 -2
116 -1 -2
120 -1 -2
120 -1 -2
130 -1 -2
120 -1 -2
116 -1 -2
120 -1 -2
120 -1 -2
120 -1 -2
120 -1 -2
131 -1 -2
120 -1 -2
120 -1 -2
132 -1 -2
133 134 -1 -2
120 -1 -2
135 -1 -2
116 -1 -2
122 -1 -2
116 -1 -2
116 -1 -2
126 -1 -2
136 -1 -2
137 -1 -2
130 -1 -2
138 139 140 141 142 143 -1 -2
116 -1 -2
144 -1 -2
145 146 147 148 149 144 150 151 152 153 154 155 156 157 158 159 160 161 162 163 164 -1 -2
152 153 155 160 161 -1 -2
116 -1 -2
130 -1 -2
120 -1 -2
116 -1 -2
116 -1 -2
165 -1 -2
120 -1 -2
120 -1 -2
166 -1 -2
120 -1 -2
120 -1 -2
116 -1 -2
167 -1 -2
130 -1 -2
168 -1 -2
145 146 147 148 149 144 150 151 152 153 154 155 157 158 159 160 161 162 163 169 170 -1 -2
152 153 155 160 161 -1 -2
116 -1 -2
116 -1 -2
120 -1 -2
120 -1 -2
120 -1 -2
116 -1 -2
171 -1 -2
120 -1 -2
120 -1 -2
116 -1 -2
116 -1 -2
167 -1 -2
120 -1 -2
119 -1 -2
120 -1 -2
116 -1 -2
167 -1 -2
68 -1 -2
116 -1 -2
120 -1 -2
120 -1 -2
171 -1 -2
116 -1 -2
120 -1 -2
116 -1 -2
167 -1 -2
120 -1 -2
171 -1 -2
120 -1 -2
171 -1 -2
116 -1 -2
120 -1 -2
167 -1 -2
120 -1 -2
68 -1 -2
121 -1 -2
120 -1 -2
120 -1 -2
116 -1 -2
172 173 -1 -2
130 -1 -2
120 -1 -2
167 -1 -2
120 -1 -2
120 -1 -2
167 -1 -2
116 -1 -2
120 -1 -2
118 -1 -2
167 -1 -2
116 -1 -2
120 -1 -2
120 -1 -2
116 -1 -2
120 -1 -2
120 -1 -2
120 -1 -2
116 -1 -2
174 -1 -2
175 -1 -2
120 -1 -2
176 -1 -2
177 176 -1 -2
178 -1 -2
179 -1 -2
118 -1 -2
180 -1 -2
181 -1 -2
130 -1 -2
120 -1 -2
120 -1 -2
120 -1 -2
120 -1 -2
120 -1 -2
182 183 184 185 186 187 188 -1 -2
189 184 -1 -2
120 -1 -2
190 191 149 154 155 158 159 160 162 192 193 194 -1 -2
155 160 -1 -2
116 -1 -2
120 -1 -2
195 -1 -2
131 -1 -2
196 -1 -2
197 -1 -2
198 -1 -2
199 -1 -2
135 -1 -2
116 -1 -2
118 -1 -2
200 -1 -2
201 202 203 204 205 206 207 208 209 210 211 212 213 214 215 216 217 218 219 220 221 222 223 224 225 -1 -2
226 227 -1 -2
166 -1 -2
228 -1 -2
116 -1 -2
116 -1 -2
229 -1 -2
230 231 232 -1 -2
116 -1 -2
233 -1 -2
135 -1 -2
116 -1 -2
166 -1 -2
116 -1 -2
116 -1 -2
228 -1 -2
166 -1 -2
116 -1 -2
234 235 236 237 238 239 240 241 242 243 244 245 246 247 248 249 250 251 252 253 -1 -2
120 -1 -2
120 -1 -2
166 -1 -2
116 -1 -2
167 -1 -2
120 -1 -2
75 -1 -2
131 -1 -2
73 -1 -2
75 -1 -2
120 -1 -2
167 -1 -2
120 -1 -2
116 -1 -2
167 -1 -2
120 -1 -2
75 -1 -2
120 -1 -2
126 -1 -2
75 -1 -2
254 255 -1 -2
254 -1 -2
254 -1 -2
254 -1 -2
254 255 -1 -2
254 -1 -2
254 -1 -2
254 -1 -2
254 -1 -2
254 -1 -2
254 -1 -2
116 -1 -2
254 -1 -2
75 -1 -2
76 -1 -2
120 -1 -2
256 -1 -2
257 -1 -2
257 -1 -2
254 -1 -2
254 255 -1 -2
254 -1 -2
254 255 -1 -2
120 -1 -2
254 -1 -2
254 -1 -2
254 -1 -2
254 -1 -2
254 -1 -2
254 -1 -2
254 255 -1 -2
254 -1 -2
254 -1 -2
254 -1 -2
254 -1 -2
254 -1 -2
254 -1 -2
254 -1 -2
254 -1 -2
254 -1 -2
254 -1 -2
254 255 -1 -2
258 259 260 261 262 263 264 265 266 267 268 269 270 271 272 273 274 275 276 277 -1 -2
268 -1 -2
76 -1 -2
254 255 -1 -2
116 -1 -2
254 255 -1 -2
254 255 -1 -2
254 -1 -2
254 -1 -2
255 278 -1 -2
178 -1 -2
120 -1 -2
279 280 -1 -2
281 282 283 284 285 286 287 288 289 290 291 292 293 294 295 296 297 298 299 300 301 302 303 304 305 306 307 308 309 310 311 312 313 314 315 316 317 318 319 320 321 322 323 324 325 -1 -2
326 -1 -2
116 -1 -2
75 -1 -2
254 -1 -2
254 255 -1 -2
254 -1 -2
254 255 -1 -2
254 -1 -2
254 255 -1 -2
120 -1 -2
254 255 -1 -2
254 -1 -2
254 -1 -2
116 -1 -2
254 255 -1 -2
254 255 -1 -2
254 255 -1 -2
254 -1 -2
254 255 -1 -2
254 -1 -2
254 -1 -2
254 255 -1 -2
254 255 -1 -2
254 255 -1 -2
254 -1 -2
254 -1 -2
254 -1 -2
254 -1 -2
254 255 -1 -2
254 255 -1 -2
254 255 -1 -2
254 -1 -2
254 -1 -2
254 255 -1 -2
254 -1 -2
254 255 -1 -2
254 -1 -2
254 255 -1 -2
256 -1 -2
327 -1 -2
328 329 330 331 332 333 334 335 336 337 338 339 340 341 223 225 342 343 344 345 346 347 348 349 350 -1 -2
344 345 347 -1 -2
135 -1 -2
351 -1 -2
352 353 -1 -2
172 173 354 355 45 -1 -2
75 -1 -2
75 -1 -2
356 -1 -2
120 -1 -2
356 -1 -2
171 -1 -2
166 -1 -2
356 -1 -2
120 -1 -2
130 -1 -2
357 135 -1 -2
358 -1 -2
328 359 329 360 361 362 330 331 201 363 364 365 334 366 335 212 367 336 337 338 339 216 340 341 223 225 342 343 344 345 346 347 368 348 349 369 370 371 350 -1 -2
278 -1 -2
116 -1 -2
256 -1 -2
256 -1 -2
256 -1 -2
328 359 329 372 360 373 361 362 330 331 201 374 375 376 377 205 210 333 364 378 334 366 335 212 367 336 337 379 338 339 340 380 341 223 225 342 343 344 345 346 347 368 348 349 369 381 370 371 350 -1 -2
120 -1 -2
121 -1 -2
195 382 -1 -2
116 -1 -2
167 -1 -2
383 -1 -2
384 385 181 -1 -2
195 -1 -2
180 386 -1 -2
387 388 389 390 391 392 393 394 395 -1 -2
256 -1 -2
116 -1 -2
171 -1 -2
77 -1 -2
116 -1 -2
130 -1 -2
116 -1 -2
396 397 -1 -2
398 -1 -2
128 -1 -2
117 -1 -2
399 400 401 402 403 404 405 406 407 408 409 410 411 129 412 413 397 414 396 415 416 -1 -2
356 -1 -2
356 -1 -2
116 -1 -2
417 -1 -2
417 -1 -2
418 -1 -2
1 -1 -2
419 420 -1 -2
421 -1 -2
422 423 424 425 -1 -2
424 -1 -2
167 -1 -2
135 -1 -2
167 -1 -2
426 -1 -2
165 -1 -2
172 427 428 429 430 431 432 433 434 47 435 436 437 438 439 440 -1 -2
426 -1 -2
441 442 443 444 445 446 447 448 449 450 451 452 453 454 455 456 457 458 459 460 461 462 463 464 465 466 467 230 231 232 468 469 470 471 472 473 474 475 476 477 478 479 480 481 482 483 -1 -2
484 -1 -2
128 -1 -2
122 -1 -2
419 -1 -2
485 -1 -2
450 -1 -2
486 14 487 488 124 125 489 490 79 491 492 493 494 495 496 497 498 499 500 501 502 503 504 505 506 507 -1 -2
508 -1 -2
509 -1 -2
510 -1 -2
511 512 513 514 515 516 517 518 487 488 124 125 519 494 520 521 522 523 524 525 526 527 528 529 530 531 532 533 -1 -2
506 523 517 -1 -2
489 490 488 124 125 -1 -2
534 -1 -2
116 -1 -2
535 -1 -2
417 -1 -2
417 -1 -2
536 537 -1 -2
80 -1 -2
14 -1 -2
538 -1 -2
539 -1 -2
540 417 -1 -2
541 -1 -2
541 -1 -2
542 543 544 -1 -2
545 546 334 329 335 547 548 549 341 333 543 339 340 544 550 -1 -2
1 484 -1 -2
535 -1 -2
551 -1 -2
116 -1 -2
122 -1 -2
552 -1 -2
553 554 555 556 557 558 559 560 561 562 563 564 565 566 567 568 569 570 571 572 573 -1 -2
116 -1 -2
557 558 -1 -2
126 -1 -2
116 -1 -2
199 -1 -2
126 -1 -2
116 -1 -2
126 -1 -2
1 -1 -2
572 574 -1 -2
77 -1 -2
575 -1 -2
1 -1 -2
116 -1 -2
552 -1 -2
576 577 -1 -2
538 -1 -2
578 579 580 581 582 506 583 -1 -2
64 -1 -2
116 -1 -2
117 -1 -2
199 -1 -2
584 585 586 575 587 588 589 590 591 592 593 199 594 595 596 597 598 599 600 601 602 603 604 605 606 607 608 609 610 611 612 613 614 615 616 617 618 619 620 621 622 623 624 625 626 -1 -2
64 -1 -2
199 -1 -2
182 627 -1 -2
628 -1 -2
629 -1 -2
484 -1 -2
166 -1 -2
1 -1 -2
1 -1 -2
116 -1 -2
64 -1 -2
126 -1 -2
630 631 632 633 634 635 636 637 -1 -2
638 -1 -2
66 639 412 640 413 397 401 641 414 396 642 643 644 645 415 416 -1 -2
646 -1 -2
647 648 -1 -2
649 -1 -2
632 635 -1 -2
649 -1 -2
76 -1 -2
130 -1 -2
116 -1 -2
130 -1 -2
77 -1 -2
650 -1 -2
651 652 653 654 655 489 490 656 657 -1 -2
122 -1 -2
166 -1 -2
64 -1 -2
130 -1 -2
128 -1 -2
166 -1 -2
118 -1 -2
76 -1 -2
116 -1 -2
75 -1 -2
76 -1 -2
658 659 351 -1 -2
64 -1 -2
615 -1 -2
615 -1 -2
596 -1 -2
660 615 -1 -2
615 -1 -2
615 -1 -2
596 615 -1 -2
126 -1 -2
72 -1 -2
126 -1 -2
76 -1 -2
75 -1 -2
661 662 517 663 664 665 666 523 656 -1 -2
76 -1 -2
75 -1 -2
667 668 669 670 671 -1 -2
230 231 232 475 672 -1 -2
575 -1 -2
538 -1 -2
116 -1 -2
116 -1 -2
76 -1 -2
116 -1 -2
673 -1 -2
674 675 -1 -2
575 -1 -2
130 -1 -2
172 173 676 677 354 -1 -2
676 -1 -2
552 -1 -2
538 -1 -2
620 -1 -2
676 -1 -2
199 -1 -2
76 -1 -2
75 -1 -2
678 -1 -2
679 680 681 -1 -2
682 683 184 684 -1 -2
615 -1 -2
596 -1 -2
615 -1 -2
615 -1 -2
649 -1 -2
685 -1 -2
649 -1 -2
75 -1 -2
76 -1 -2
126 -1 -2
686 687 688 689 690 691 692 693 694 -1 -2
615 -1 -2
116 -1 -2
695 -1 -2
64 -1 -2
64 -1 -2
696 -1 -2
75 -1 -2
116 -1 -2
697 -1 -2
697 -1 -2
698 -1 -2
172 173 -1 -2
699 -1 -2
77 -1 -2
700 43 437 701 -1 -2
702 -1 -2
703 704 705 706 707 708 709 710 711 712 713 714 -1 -2
715 706 707 710 711 -1 -2
632 633 634 635 637 -1 -2
716 717 202 718 536 719 204 542 543 544 550 545 546 547 548 720 334 721 335 722 723 724 725 726 727 728 729 730 731 338 339 340 341 -1 -2
126 -1 -2
728 -1 -2
117 204 545 546 547 548 549 720 334 722 335 723 724 726 728 729 732 733 734 735 338 339 736 737 738 739 740 741 340 742 341 -1 -2
203 743 -1 -2
744 -1 -2
745 746 659 747 351 748 749 750 751 658 752 753 754 755 756 757 758 229 759 -1 -2
746 -1 -2
120 -1 -2
50 -1 -2
297 -1 -2
50 -1 -2
50 -1 -2
130 -1 -2
760 -1 -2
372 373 761 379 762 345 381 376 -1 -2
421 -1 -2
763 -1 -2
764 765 766 767 768 769 -1 -2
770 -1 -2
534 -1 -2
534 -1 -2
118 -1 -2
534 771 -1 -2
771 -1 -2
575 -1 -2
166 -1 -2
772 -1 -2
678 -1 -2
773 681 774 775 776 777 778 680 779 780 682 683 781 684 182 183 184 185 186 187 188 189 782 783 784 80 -1 -2
777 780 -1 -2
785 -1 -2
778 -1 -2
770 -1 -2
64 -1 -2
116 -1 -2
770 -1 -2
117 -1 -2
786 -1 -2
770 78 -1 -2
128 -1 -2
770 -1 -2
770 -1 -2
130 -1 -2
770 -1 -2
787 788 789 790 791 792 793 794 795 796 797 798 799 800 801 802 803 804 805 632 633 634 635 636 637 630 631 806 807 171 808 809 810 811 812 -1 -2
788 789 801 802 805 -1 -2
770 -1 -2
770 -1 -2
76 -1 -2
75 -1 -2
813 -1 -2
770 -1 -2
770 -1 -2
814 815 816 817 818 819 820 821 822 823 824 825 826 827 828 829 830 831 832 833 834 702 835 836 837 838 839 840 841 842 -1 -2
843 786 -1 -2
770 78 -1 -2
770 -1 -2
815 820 821 -1 -2
839 -1 -2
257 -1 -2
257 -1 -2
74 -1 -2
844 211 -1 -2
359 362 224 213 214 369 347 217 371 350 -1 -2
845 846 210 847 205 848 849 850 202 215 216 851 371 220 -1 -2
849 852 -1 -2
853 -1 -2
74 -1 -2
854 -1 -2
257 -1 -2
661 855 517 856 486 857 663 664 666 858 487 579 580 859 581 860 861 488 862 124 125 863 864 651 652 653 654 655 865 489 490 866 867 868 869 578 870 871 872 873 874 875 876 494 520 877 878 879 880 665 500 501 502 503 521 522 523 526 582 881 527 656 506 507 531 882 657 -1 -2
656 -1 -2
883 -1 -2
884 885 -1 -2
401 886 -1 -2
887 888 -1 -2
180 -1 -2
568 569 570 571 889 890 891 892 893 894 895 896 -1 -2
897 -1 -2
755 -1 -2
256 -1 -2
898 -1 -2
899 900 -1 -2
901 200 60 -1 -2
902 -1 -2
903 904 905 906 226 227 -1 -2
757 -1 -2
907 -1 -2
399 400 401 402 403 404 405 406 407 408 409 411 908 909 129 412 413 397 414 396 415 416 -1 -2
76 -1 -2
910 -1 -2
911 -1 -2
128 -1 -2
75 -1 -2
911 -1 -2
911 -1 -2
911 -1 -2
911 -1 -2
64 -1 -2
911 -1 -2
911 -1 -2
615 -1 -2
912 913 914 915 259 32 -1 -2
911 -1 -2
916 -1 -2
911 -1 -2
911 -1 -2
916 -1 -2
911 -1 -2
179 -1 -2
916 -1 -2
916 -1 -2
131 -1 -2
854 -1 -2
854 -1 -2
615 -1 -2
916 -1 -2
128 -1 -2
755 -1 -2
916 -1 -2
917 -1 -2
916 -1 -2
660 615 -1 -2
660 615 -1 -2
615 -1 -2
615 -1 -2
116 -1 -2
916 -1 -2
116 -1 -2
918 919 49 -1 -2
328 359 920 329 372 423 360 373 921 361 362 716 330 922 717 331 201 202 718 536 203 923 719 924 204 374 925 375 376 377 926 205 927 928 929 206 207 537 930 208 209 210 333 931 200 364 365 932 933 211 844 851 845 934 935 847 848 849 73 852 74 936 332 356 378 937 938 939 940 941 334 366 335 212 367 761 336 337 379 942 943 213 214 731 215 338 339 944 945 216 217 218 219 340 220 380 946 947 948 949 221 222 950 341 223 650 224 225 951 952 342 343 344 345 346 347 368 348 349 369 381 370 371 350 -1 -2
924 -1 -2
356 -1 -2
356 -1 -2
120 -1 -2
116 -1 -2
356 -1 -2
615 -1 -2
660 -1 -2
77 -1 -2
116 -1 -2
953 -1 -2
954 955 956 -1 -2
356 -1 -2
957 -1 -2
120 -1 -2
615 -1 -2
615 -1 -2
958 959 960 -1 -2
961 962 963 590 591 964 -1 -2
965 -1 -2
965 -1 -2
957 -1 -2
957 -1 -2
75 -1 -2
166 -1 -2
116 -1 -2
76 -1 -2
957 -1 -2
957 -1 -2
957 -1 -2
953 -1 -2
121 -1 -2
957 -1 -2
966 -1 -2
967 968 969 970 971 -1 -2
971 -1 -2
971 -1 -2
972 973 974 975 976 -1 -2
75 -1 -2
282 283 284 287 312 977 -1 -2
167 -1 -2
122 -1 -2
978 -1 -2
356 -1 -2
979 -1 -2
980 -1 -2
64 -1 -2
120 -1 -2
75 -1 -2
356 -1 -2
874 665 865 866 -1 -2
981 -1 -2
651 653 654 655 982 489 490 983 873 656 984 657 -1 -2
985 -1 -2
167 174 -1 -2
661 981 -1 -2
871 -1 -2
883 -1 -2
986 -1 -2
356 -1 -2
356 -1 -2
116 -1 -2
356 -1 -2
356 -1 -2
356 -1 -2
356 -1 -2
987 988 -1 -2
987 988 -1 -2
615 -1 -2
356 -1 -2
989 990 -1 -2
991 -1 -2
75 -1 -2
992 993 994 995 -1 -2
996 997 998 999 1000 1001 1002 1003 127 -1 -2
356 -1 -2
117 -1 -2
998 999 1004 -1 -2
116 -1 -2
356 -1 -2
651 652 653 654 655 865 490 983 866 656 863 657 -1 -2
1005 1006 196 -1 -2
661 662 1007 1008 517 663 664 665 666 1009 1010 487 523 981 -1 -2
356 -1 -2
876 494 1011 879 900 1012 699 522 899 1013 -1 -2
875 520 1014 877 878 880 -1 -2
855 1015 1016 856 486 857 1017 487 579 580 859 581 860 1018 861 488 862 124 125 863 651 652 653 654 655 1019 982 489 490 1020 983 866 1021 1022 867 1023 868 984 1024 1025 1026 1027 1028 1029 582 881 1030 656 506 507 1031 882 657 -1 -2
651 652 653 654 655 1019 982 489 490 1020 983 656 657 -1 -2
356 -1 -2
356 -1 -2
535 -1 -2
80 -1 -2
1032 -1 -2
1033 721 730 1034 -1 -2
116 -1 -2
27 -1 -2
27 -1 -2
1035 -1 -2
661 662 855 1015 1007 1008 517 512 1036 857 663 664 666 1037 1017 487 1018 861 1038 488 862 124 125 865 866 981 868 1006 196 874 875 876 1039 494 1011 1014 877 878 879 880 665 900 1012 1009 1010 699 522 523 899 -1 -2
661 1040 662 1007 1008 517 663 664 665 666 858 1009 1010 523 981 -1 -2
116 -1 -2
128 -1 -2
27 -1 -2
118 -1 -2
818 822 825 828 831 840 833 1041 -1 -2
1042 -1 -2
27 -1 -2
1043 -1 -2
575 -1 -2
1013 -1 -2
130 -1 -2
116 -1 -2
855 1015 1044 1016 856 486 857 487 579 580 859 581 860 861 488 862 124 125 863 651 652 653 654 655 982 489 490 866 867 868 984 1026 1027 1045 1012 522 1029 582 881 1030 656 506 507 1031 882 657 -1 -2
607 -1 -2
199 -1 -2
116 -1 -2
257 -1 -2
615 -1 -2
1046 -1 -2
615 -1 -2
660 -1 -2
615 -1 -2
596 -1 -2
596 -1 -2
615 -1 -2
116 -1 -2
615 -1 -2
615 -1 -2
596 -1 -2
596 -1 -2
615 -1 -2
933 -1 -2
615 -1 -2
615 -1 -2
615 -1 -2
450 -1 -2
615 -1 -2
596 615 -1 -2
1046 -1 -2
615 -1 -2
596 -1 -2
445 -1 -2
1047 -1 -2
1047 -1 -2
596 -1 -2
1047 -1 -2
660 -1 -2
615 -1 -2
615 -1 -2
117 -1 -2
615 -1 -2
596 -1 -2
615 -1 -2
1047 -1 -2
116 -1 -2
615 -1 -2
615 -1 -2
596 -1 -2
1048 -1 -2
596 -1 -2
535 -1 -2
596 -1 -2
660 615 -1 -2
116 -1 -2
615 -1 -2
615 -1 -2
596 -1 -2
615 -1 -2
615 -1 -2
596 -1 -2
615 -1 -2
116 -1 -2
1049 -1 -2
875 876 494 520 1011 877 878 879 880 900 1012 699 522 -1 -2
1013 1050 -1 -2
1051 1016 856 579 580 581 1029 582 881 1030 656 506 507 1031 882 1052 -1 -2
898 -1 -2
121 -1 -2
991 -1 -2
898 -1 -2
1013 1049 -1 -2
1053 -1 -2
661 662 1007 1008 517 663 664 665 666 858 1009 1010 523 -1 -2
1047 -1 -2
1013 -1 -2
1013 -1 -2
991 -1 -2
898 -1 -2
1049 -1 -2
615 -1 -2
1047 -1 -2
615 -1 -2
120 -1 -2
615 -1 -2
615 -1 -2
660 -1 -2
1047 -1 -2
660 -1 -2
1047 -1 -2
615 -1 -2
134 -1 -2
596 -1 -2
116 -1 -2
596 -1 -2
615 -1 -2
450 -1 -2
1054 1055 -1 -2
121 -1 -2
171 -1 -2
1047 -1 -2
120 -1 -2
1047 -1 -2
1056 -1 -2
1056 -1 -2
116 -1 -2
1047 -1 -2
130 -1 -2
615 -1 -2
1057 1058 1059 192 193 194 145 190 191 149 144 154 155 158 159 160 161 162 170 -1 -2
1047 -1 -2
596 -1 -2
660 -1 -2
615 -1 -2
190 149 615 192 193 -1 -2
615 -1 -2
1058 -1 -2
660 615 -1 -2
1047 -1 -2
615 -1 -2
1047 -1 -2
615 -1 -2
615 -1 -2
1047 -1 -2
1047 -1 -2
1053 -1 -2
1053 -1 -2
450 -1 -2
1047 -1 -2
1048 -1 -2
1058 -1 -2
27 -1 -2
27 -1 -2
1060 1061 1062 -1 -2
1048 -1 -2
1063 -1 -2
1047 -1 -2
1058 -1 -2
1047 -1 -2
1053 -1 -2
1047 -1 -2
116 -1 -2
1047 -1 -2
155 160 -1 -2
1053 -1 -2
1058 -1 -2
116 -1 -2
1058 -1 -2
1053 -1 -2
1064 1065 1066 1067 1068 -1 -2
1069 1070 -1 -2
130 -1 -2
117 -1 -2
1071 -1 -2
1058 -1 -2
1053 -1 -2
145 190 191 149 144 154 155 1058 158 159 160 161 162 192 193 194 -1 -2
171 -1 -2
1058 -1 -2
120 -1 -2
1047 -1 -2
1072 1061 -1 -2
450 -1 -2
155 1059 1073 160 161 -1 -2
1058 -1 -2
116 -1 -2
1053 -1 -2
1058 -1 -2
145 190 191 149 144 1059 192 193 194 -1 -2
192 1074 -1 -2
117 -1 -2
116 -1 -2
174 522 -1 -2
969 -1 -2
76 -1 -2
967 -1 -2
972 974 -1 -2
38 520 1075 1076 521 524 525 526 529 519 527 528 518 530 531 -1 -2
969 -1 -2
661 1040 662 1007 1008 517 663 664 665 666 1009 1010 523 -1 -2
1047 -1 -2
450 -1 -2
116 -1 -2
711 -1 -2
450 -1 -2
1047 -1 -2
615 -1 -2
615 -1 -2
596 -1 -2
596 120 -1 -2
660 615 -1 -2
615 -1 -2
596 -1 -2
1077 -1 -2
1078 -1 -2
1079 1080 -1 -2
615 -1 -2
615 -1 -2
660 -1 -2
1077 -1 -2
1077 -1 -2
171 -1 -2
1077 -1 -2
116 -1 -2
128 -1 -2
25 -1 -2
1081 1082 1083 -1 -2
1084 1085 -1 -2
660 -1 -2
1048 -1 -2
1047 -1 -2
171 -1 -2
535 -1 -2
1077 -1 -2
887 -1 -2
1077 -1 -2
1077 -1 -2
1047 -1 -2
118 -1 -2
535 -1 -2
116 -1 -2
660 -1 -2
1047 -1 -2
1047 -1 -2
1077 -1 -2
1077 -1 -2
121 -1 -2
1047 -1 -2
1047 -1 -2
1077 -1 -2
1046 -1 -2
1047 -1 -2
1047 -1 -2
535 -1 -2
1077 -1 -2
1047 -1 -2
1086 -1 -2
660 -1 -2
116 -1 -2
1047 -1 -2
450 -1 -2
1077 -1 -2
1087 -1 -2
1047 -1 -2
1077 -1 -2
1048 -1 -2
1047 -1 -2
1047 -1 -2
120 -1 -2
1077 -1 -2
1048 -1 -2
1077 -1 -2
1047 -1 -2
1047 -1 -2
596 615 -1 -2
906 227 -1 -2
1047 -1 -2
116 -1 -2
80 -1 -2
1047 -1 -2
116 -1 -2
596 -1 -2
450 -1 -2
1047 -1 -2
615 -1 -2
1047 -1 -2
635 -1 -2
1047 -1 -2
130 -1 -2
1047 -1 -2
1048 -1 -2
699 -1 -2
1088 -1 -2
450 -1 -2
1047 -1 -2
76 -1 -2
75 -1 -2
1047 -1 -2
76 -1 -2
171 -1 -2
118 -1 -2
615 -1 -2
1046 615 -1 -2
660 -1 -2
615 -1 -2
615 -1 -2
117 -1 -2
596 -1 -2
615 -1 -2
1047 -1 -2
1047 -1 -2
450 -1 -2
297 285 315 -1 -2
120 -1 -2
191 -1 -2
450 -1 -2
450 -1 -2
903 904 905 906 226 227 -1 -2
226 -1 -2
905 903 -1 -2
450 -1 -2
575 -1 -2
1047 -1 -2
1047 -1 -2
450 -1 -2
1047 -1 -2
76 -1 -2
167 -1 -2
450 -1 -2
450 -1 -2
450 -1 -2
75 -1 -2
76 -1 -2
116 -1 -2
120 -1 -2
1047 -1 -2
1047 -1 -2
120 -1 -2
1048 -1 -2
116 -1 -2
575 -1 -2
1047 -1 -2
450 -1 -2
586 598 962 601 603 604 606 1089 588 1090 589 590 591 592 1091 622 623 -1 -2
589 606 -1 -2
450 -1 -2
1047 -1 -2
121 -1 -2
1048 -1 -2
450 -1 -2
575 -1 -2
450 -1 -2
171 -1 -2
1048 -1 -2
450 -1 -2
1048 -1 -2
77 -1 -2
116 -1 -2
167 -1 -2
575 -1 -2
49 436 437 438 1092 1093 918 1094 1095 919 -1 -2
75 -1 -2
116 -1 -2
120 -1 -2
450 -1 -2
128 -1 -2
1047 -1 -2
171 -1 -2
450 -1 -2
1047 -1 -2
1047 -1 -2
116 -1 -2
450 -1 -2
450 -1 -2
1047 -1 -2
991 -1 -2
552 -1 -2
538 -1 -2
1047 -1 -2
450 -1 -2
450 -1 -2
1047 116 -1 -2
200 -1 -2
372 373 761 362 379 345 369 381 -1 -2
1047 -1 -2
1096 -1 -2
1097 1061 -1 -2
699 -1 -2
1098 -1 -2
1098 1099 -1 -2
1098 -1 -2
1098 -1 -2
1098 -1 -2
1098 -1 -2
1098 -1 -2
1098 -1 -2
1098 -1 -2
120 -1 -2
699 -1 -2
171 -1 -2
575 -1 -2
534 -1 -2
699 -1 -2
1100 -1 -2
1098 -1 -2
116 -1 -2
1047 -1 -2
699 -1 -2
1101 -1 -2
552 -1 -2
1051 -1 -2
538 -1 -2
1051 -1 -2
883 -1 -2
130 -1 -2
1102 1103 855 1015 1051 1050 1104 1016 856 486 857 1105 1037 1017 487 579 580 859 581 860 1018 861 488 862 124 125 863 651 652 653 654 655 1019 982 489 490 1020 1106 983 866 1052 1022 867 1023 868 1107 1108 984 1013 1109 196 1110 873 883 1029 582 881 1030 656 506 507 1031 882 657 -1 -2
651 652 653 654 655 1019 982 489 490 1020 488 983 656 1109 657 -1 -2
1098 -1 -2
1111 1112 -1 -2
1111 -1 -2
1111 -1 -2
1111 -1 -2
1111 -1 -2
1111 1112 -1 -2
1111 1112 -1 -2
1111 -1 -2
1111 1112 -1 -2
1112 -1 -2
1112 -1 -2
1113 -1 -2
1111 1112 -1 -2
1111 -1 -2
1111 -1 -2
1111 1112 -1 -2
1112 -1 -2
1112 -1 -2
1112 -1 -2
1111 1112 -1 -2
1112 -1 -2
1111 1112 -1 -2
1111 -1 -2
1112 -1 -2
1112 -1 -2
1111 1112 -1 -2
1112 -1 -2
1112 -1 -2
1112 -1 -2
1111 1112 -1 -2
1111 -1 -2
1111 1112 -1 -2
1112 -1 -2
1111 -1 -2
1112 -1 -2
1111 -1 -2
1111 1112 -1 -2
1111 1112 -1 -2
1111 -1 -2
1114 996 1111 127 -1 -2
1112 -1 -2
770 1111 1112 78 -1 -2
1111 1112 -1 -2
1112 -1 -2
1111 1112 -1 -2
1111 -1 -2
1111 1112 -1 -2
1112 -1 -2
1112 1111 1098 -1 -2
1111 -1 -2
1111 -1 -2
1111 1112 -1 -2
1111 -1 -2
1111 -1 -2
1111 1112 -1 -2
1111 -1 -2
1111 1112 -1 -2
1112 -1 -2
1111 -1 -2
1111 -1 -2
1111 -1 -2
1111 -1 -2
1112 -1 -2
1111 1112 -1 -2
1112 -1 -2
1111 -1 -2
1111 -1 -2
1111 1112 -1 -2
1112 -1 -2
1111 1112 -1 -2
1111 1112 -1 -2
1111 -1 -2
1112 -1 -2
1111 1112 -1 -2
1111 1112 -1 -2
1112 -1 -2
1112 -1 -2
1111 -1 -2
1111 -1 -2
1112 -1 -2
1111 -1 -2
1111 1112 -1 -2
1112 -1 -2
1112 -1 -2
1115 1116 1117 1118 1119 1120 1121 1122 1123 1124 1125 1126 1127 1128 1129 1130 1131 1132 1133 1134 1135 1136 1137 1138 1139 1140 -1 -2
1112 -1 -2
1111 1112 -1 -2
1111 -1 -2
1111 -1 -2
1111 -1 -2
1112 -1 -2
1141 1111 1142 -1 -2
1111 -1 -2
1112 -1 -2
1112 -1 -2
1111 1112 -1 -2
1112 -1 -2
1111 -1 -2
1111 1112 -1 -2
1111 -1 -2
1112 -1 -2
1112 -1 -2
1111 1112 -1 -2
1111 -1 -2
1112 -1 -2
1112 -1 -2
1112 -1 -2
1111 -1 -2
1112 -1 -2
1111 -1 -2
1111 1112 -1 -2
1112 -1 -2
1112 -1 -2
953 -1 -2
1112 1098 -1 -2
1111 1112 -1 -2
1112 -1 -2
1111 1112 -1 -2
1111 -1 -2
1112 -1 -2
1111 -1 -2
1111 -1 -2
1111 1112 -1 -2
1098 -1 -2
1111 -1 -2
1111 1112 -1 -2
1098 -1 -2
1098 -1 -2
64 77 -1 -2
1143 -1 -2
658 752 711 756 714 709 746 659 747 351 748 713 751 -1 -2
711 -1 -2
1098 -1 -2
1143 -1 -2
77 -1 -2
1098 -1 -2
1098 -1 -2
64 -1 -2
117 -1 -2
953 -1 -2
64 -1 -2
1144 1145 1146 1147 1148 1149 1150 1151 1152 1153 1154 1155 1156 1157 1158 1159 1160 1161 1162 1163 1114 1164 1165 1166 887 1167 -1 -2
1148 1149 887 1154 1156 1157 1158 1159 1160 1162 1168 1169 1170 -1 -2
116 -1 -2
1171 1172 -1 -2
64 -1 -2
953 -1 -2
167 -1 -2
1173 -1 -2
76 -1 -2
119 -1 -2
1090 -1 -2
953 -1 -2
1171 1174 -1 -2
787 788 789 790 791 792 793 794 795 796 1175 1176 797 798 799 800 801 802 804 632 633 634 635 636 637 630 631 806 1177 989 990 1178 1179 1180 1181 1182 1183 1184 1185 808 1186 809 810 811 812 -1 -2
206 207 208 209 224 213 214 345 203 743 216 217 1098 -1 -2
1098 -1 -2
584 585 586 962 575 588 589 590 591 592 593 199 594 595 597 598 599 600 601 602 603 604 605 606 607 608 609 610 611 612 613 614 616 618 619 620 621 622 623 624 625 626 -1 -2
1098 -1 -2
116 -1 -2
64 -1 -2
117 -1 -2
1098 -1 -2
1098 -1 -2
128 -1 -2
1098 -1 -2
1098 -1 -2
120 -1 -2
1098 -1 -2
116 -1 -2
1098 -1 -2
1098 -1 -2
1098 -1 -2
42 -1 -2
64 -1 -2
42 -1 -2
42 -1 -2
1187 1188 1189 1190 992 993 1191 1192 994 1193 995 1194 1195 -1 -2
42 -1 -2
167 -1 -2
76 -1 -2
1188 1195 -1 -2
1187 1188 1189 1190 992 993 1191 1192 1194 1196 1195 -1 -2
1197 1198 -1 -2
696 -1 -2
1187 1190 992 1192 1191 -1 -2
1199 -1 -2
953 -1 -2
1098 -1 -2
130 -1 -2
64 -1 -2
1200 -1 -2
953 -1 -2
128 -1 -2
116 -1 -2
953 -1 -2
1098 -1 -2
730 -1 -2
64 -1 -2
167 -1 -2
76 -1 -2
64 -1 -2
953 -1 -2
1201 -1 -2
1202 -1 -2
1203 -1 -2
460 -1 -2
1204 -1 -2
171 -1 -2
1202 -1 -2
64 -1 -2
1098 -1 -2
1098 -1 -2
116 -1 -2
1098 -1 -2
1098 -1 -2
171 -1 -2
38 986 1205 521 525 526 1206 1075 1076 527 -1 -2
520 1076 521 524 525 526 529 519 527 1075 518 530 531 -1 -2
1098 -1 -2
494 1011 877 879 880 1012 522 -1 -2
1098 -1 -2
126 -1 -2
1207 -1 -2
171 -1 -2
1208 1209 -1 -2
1210 1211 -1 -2
1210 1211 -1 -2
1098 -1 -2
1098 -1 -2
1098 -1 -2
1098 -1 -2
128 -1 -2
1098 -1 -2
1098 -1 -2
1098 -1 -2
1098 -1 -2
1098 -1 -2
1098 -1 -2
1212 -1 -2
1098 -1 -2
1098 -1 -2
1098 -1 -2
1098 -1 -2
1098 -1 -2
64 -1 -2
1098 -1 -2
1098 -1 -2
953 -1 -2
1098 -1 -2
1098 -1 -2
171 -1 -2
953 -1 -2
116 -1 -2
64 -1 -2
1098 -1 -2
1098 -1 -2
1098 -1 -2
1098 -1 -2
1098 -1 -2
660 615 -1 -2
615 -1 -2
1098 -1 -2
596 -1 -2
1098 -1 -2
1098 -1 -2
128 -1 -2
1098 -1 -2
1098 -1 -2
1098 -1 -2
1098 -1 -2
480 -1 -2
1098 -1 -2
1098 -1 -2
130 -1 -2
171 -1 -2
149 144 190 -1 -2
1213 1057 1214 1215 145 146 147 148 149 144 150 151 152 153 154 155 156 157 158 159 160 161 162 163 -1 -2
152 153 155 160 161 -1 -2
1216 -1 -2
953 -1 -2
117 -1 -2
953 -1 -2
128 -1 -2
1217 1218 1219 1220 -1 -2
953 -1 -2
117 -1 -2
1221 1222 -1 -2
1221 -1 -2
615 -1 -2
615 -1 -2
596 -1 -2
116 -1 -2
660 615 -1 -2
615 -1 -2
615 -1 -2
171 -1 -2
660 -1 -2
994 1195 -1 -2
953 -1 -2
611 613 593 621 624 625 -1 -2
76 -1 -2
1223 1224 -1 -2
120 -1 -2
1225 -1 -2
1225 1226 1227 -1 -2
1225 1226 1227 -1 -2
120 -1 -2
171 -1 -2
1228 -1 -2
991 -1 -2
136 -1 -2
171 -1 -2
171 -1 -2
1056 -1 -2
116 -1 -2
1053 -1 -2
1056 -1 -2
953 -1 -2
116 -1 -2
1056 -1 -2
171 -1 -2
953 -1 -2
535 -1 -2
76 -1 -2
120 -1 -2
75 -1 -2
116 -1 -2
1056 -1 -2
166 -1 -2
76 -1 -2
171 -1 -2
75 -1 -2
116 -1 -2
120 -1 -2
75 -1 -2
953 -1 -2
535 -1 -2
117 -1 -2
1056 -1 -2
1053 -1 -2
584 585 586 962 1229 575 588 589 590 591 592 593 199 594 595 597 598 599 600 601 602 603 604 605 606 607 608 609 610 611 612 613 614 1230 616 618 619 620 621 622 623 624 625 626 -1 -2
695 -1 -2
696 -1 -2
1056 -1 -2
116 -1 -2
76 -1 -2
1098 -1 -2
75 -1 -2
953 -1 -2
76 -1 -2
117 -1 -2
171 -1 -2
77 -1 -2
1056 -1 -2
1056 -1 -2
76 -1 -2
75 -1 -2
1056 -1 -2
116 -1 -2
138 139 140 141 142 143 -1 -2
1231 -1 -2
136 -1 -2
1231 -1 -2
1232 -1 -2
1231 -1 -2
1231 -1 -2
76 -1 -2
75 -1 -2
138 139 140 141 142 143 -1 -2
1056 -1 -2
1231 -1 -2
1098 -1 -2
75 -1 -2
445 -1 -2
1098 -1 -2
1098 -1 -2
1233 1234 1235 -1 -2
953 -1 -2
1056 -1 -2
1098 -1 -2
76 -1 -2
1236 -1 -2
1237 1238 1239 1240 1241 1242 1243 1244 779 -1 -2
1245 -1 -2
76 -1 -2
75 -1 -2
74 -1 -2
74 -1 -2
1056 -1 -2
116 -1 -2
76 -1 -2
75 -1 -2
953 -1 -2
1246 994 1193 995 1194 1247 1248 1249 1195 -1 -2
76 -1 -2
75 -1 -2
953 -1 -2
1216 -1 -2
165 -1 -2
744 -1 -2
297 315 -1 -2
1056 -1 -2
74 -1 -2
358 -1 -2
357 -1 -2
116 -1 -2
1056 -1 -2
76 -1 -2
1250 459 460 463 467 1251 447 450 451 1252 455 1253 1254 -1 -2
75 -1 -2
1056 -1 -2
76 -1 -2
199 -1 -2
75 -1 -2
953 -1 -2
1255 -1 -2
484 -1 -2
1255 -1 -2
50 1255 -1 -2
1255 -1 -2
460 1256 1253 -1 -2
463 451 459 447 -1 -2
1255 -1 -2
116 -1 -2
883 -1 -2
1255 -1 -2
27 -1 -2
136 -1 -2
512 1036 486 875 876 1039 494 520 1011 1014 877 878 879 880 665 900 1012 1010 699 522 -1 -2
1255 -1 -2
122 -1 -2
651 652 855 654 653 655 1019 982 489 1020 983 868 -1 -2
136 -1 -2
883 -1 -2
136 -1 -2
130 -1 -2
136 -1 -2
136 -1 -2
75 -1 -2
953 -1 -2
136 -1 -2
1257 -1 -2
953 -1 -2
76 -1 -2
75 -1 -2
130 -1 -2
903 904 905 906 226 227 -1 -2
883 -1 -2
1072 1258 -1 -2
117 -1 -2
136 -1 -2
116 -1 -2
128 -1 -2
117 -1 -2
136 -1 -2
117 1259 204 543 544 550 545 546 547 548 549 334 335 723 724 726 727 728 338 339 740 741 340 742 341 -1 -2
1260 1261 422 424 205 352 353 1262 1263 1264 1265 1266 1267 1268 1269 1270 1271 1272 1273 1274 1275 1276 1277 1278 1279 1280 1281 1282 1283 1284 1285 1286 1287 1288 1289 1290 934 848 1291 1292 1293 1294 1295 1296 1297 216 1298 1299 1300 1301 -1 -2
1302 -1 -2
1267 1270 1271 201 1292 1293 1294 1295 1296 216 1298 1299 1297 1279 1286 1287 -1 -2
136 -1 -2
136 -1 -2
136 -1 -2
419 420 -1 -2
120 -1 -2
136 -1 -2
136 -1 -2
136 -1 -2
136 -1 -2
842 837 -1 -2
822 -1 -2
484 -1 -2
136 -1 -2
136 -1 -2
136 -1 -2
136 -1 -2
1303 -1 957 953 -1 -2
1304 -1 966 -1 -2
1207 -1 1305 -1 -2
1306 -1 1307 -1 -2
167 -1 1308 -1 -2
135 -1 116 -1 -2
117 -1 79 -1 -2
120 -1 135 -1 -2
128 -1 120 -1 -2
120 -1 116 -1 -2
131 -1 1309 -1 -2
1310 -1 639 412 640 413 397 1311 641 414 1312 396 1313 642 643 1314 1315 644 645 415 416 -1 -2
135 -1 118 -1 -2
190 146 191 147 148 149 144 -1 145 -1 -2
79 124 125 875 876 1039 494 520 1011 1014 877 878 879 880 665 900 1012 1009 1010 699 522 523 1029 582 881 1030 656 506 507 1031 882 657 661 662 855 1015 1007 1008 517 1016 856 486 857 663 664 666 858 1017 487 579 580 859 581 860 1018 861 1316 1038 488 862 1317 991 863 864 651 652 655 1019 982 489 490 1020 1318 1319 983 1320 866 1021 1321 1022 1322 1023 984 1025 -1 653 654 865 1323 487 859 581 1324 1325 867 868 1038 1326 1024 -1 -2
651 652 653 654 655 1019 1327 982 489 490 857 1020 983 1328 1018 1023 656 657 -1 661 1040 662 1329 1007 1008 517 865 663 664 665 666 858 1009 1010 523 -1 -2
120 -1 135 -1 -2
1330 -1 179 -1 -2
1331 -1 177 -1 -2
1332 -1 1333 -1 -2
1177 -1 1334 -1 -2
658 1335 750 -1 754 -1 -2
75 -1 120 -1 -2
254 -1 254 255 -1 -2
254 -1 254 255 -1 -2
254 -1 254 255 -1 -2
254 -1 254 255 -1 -2
254 255 -1 254 -1 -2
75 -1 254 -1 -2
254 255 -1 254 -1 -2
254 255 -1 254 -1 -2
254 255 -1 254 -1 -2
254 255 -1 254 -1 -2
254 -1 254 255 -1 -2
254 -1 255 -1 -2
254 -1 254 255 -1 -2
254 278 -1 1336 -1 -2
254 -1 254 255 -1 -2
254 255 -1 1337 -1 -2
254 -1 255 -1 -2
254 -1 254 255 -1 -2
254 -1 254 255 -1 -2
254 -1 254 255 -1 -2
254 -1 255 -1 -2
167 255 254 -1 254 -1 -2
254 -1 254 255 -1 -2
254 -1 254 255 -1 -2
254 -1 255 -1 -2
75 -1 76 -1 -2
254 255 -1 254 -1 -2
254 255 -1 254 -1 -2
254 255 -1 254 -1 -2
254 -1 254 255 -1 -2
254 255 -1 254 -1 -2
254 -1 254 255 -1 -2
255 -1 254 -1 -2
254 255 -1 254 -1 -2
254 -1 255 -1 -2
254 255 -1 254 -1 -2
254 -1 254 255 -1 -2
254 -1 254 255 -1 -2
254 -1 254 255 -1 -2
254 -1 278 -1 -2
254 -1 1336 -1 -2
254 255 -1 254 -1 -2
254 -1 254 255 -1 -2
254 255 -1 254 -1 -2
254 255 -1 254 -1 -2
254 255 -1 254 -1 -2
254 255 -1 254 -1 -2
254 255 -1 254 -1 -2
254 -1 254 255 -1 -2
1338 -1 278 1336 -1 -2
357 -1 1336 -1 -2
358 -1 75 -1 -2
359 369 362 347 -1 1336 344 345 -1 -2
425 -1 204 425 -1 -2
256 -1 359 372 373 362 379 344 345 347 368 216 369 381 -1 -2
1339 1340 1341 1342 1343 1344 1345 1346 1347 1348 1349 1350 1351 1352 1353 1354 668 1355 1356 667 1357 1358 1359 1360 1047 1361 1362 1363 1364 1365 1366 1367 1368 953 1369 1370 1371 1372 1373 1374 1375 1376 1377 1378 1379 1380 1381 1382 1383 1384 -1 957 966 64 1385 1386 1387 1388 1389 1390 1391 1392 1393 1394 1395 1396 1397 1398 1399 1400 1401 1402 1403 1404 1405 1406 1407 1408 1409 1410 1411 1412 1413 1414 1415 1416 1417 1418 1419 1420 1421 1422 1423 1424 1425 1426 1427 1428 1429 1430 1431 1432 1433 1434 1435 1436 1437 1438 1439 1440 1441 1442 1443 1444 1445 1446 1447 1448 1449 1450 1451 1452 1453 1454 1455 1456 1457 1458 1459 1460 1461 -1 -2
410 66 411 405 -1 399 403 908 -1 -2
639 -1 534 -1 -2
535 -1 167 -1 -2
135 -1 528 521 505 -1 -2
128 -1 515 494 520 524 525 522 526 519 527 518 530 531 -1 -2
575 -1 535 -1 -2
338 542 543 544 550 -1 535 -1 -2
1462 1463 1464 1465 1466 1467 1468 1469 1470 1471 1472 692 1473 693 1474 1475 1476 1199 1477 1478 1479 1480 1481 1482 1483 1484 1485 1486 1487 1488 1489 1490 1491 1492 685 1493 1494 1495 1496 1497 1498 1499 1500 1501 1502 1503 689 1504 135 165 1505 1506 1507 1508 1509 1510 1511 1512 1513 1514 1515 690 1516 1517 -1 687 1518 1519 1520 1521 1522 1523 1524 1525 1526 1527 1528 1529 1530 54 1531 1532 1533 1534 1054 1535 1536 1537 1538 1539 1540 1541 1542 1543 1544 1545 1546 1547 1548 1549 1550 1551 1552 1553 1554 1555 1556 1557 1558 1559 1560 1561 1562 1563 1564 686 1565 688 691 1566 1567 1568 1569 1570 1571 1055 1572 1573 1574 1575 1576 1577 1578 1579 1580 1581 1582 1583 1584 694 1585 1586 1587 1588 1589 1590 1591 1592 1593 1594 1595 1596 1597 1598 1599 1600 1601 1602 1603 1604 1605 1606 1607 1608 -1 -2
121 -1 484 -1 -2
64 -1 1609 -1 -2
511 1040 1610 856 486 857 663 664 666 858 487 579 580 859 581 860 532 861 1316 1038 488 862 124 125 1317 863 864 651 652 653 654 655 865 489 490 866 1021 1325 867 868 1323 869 1611 578 1110 1612 873 1613 1614 874 1615 1616 1617 1618 520 877 878 879 880 665 500 501 521 522 523 526 582 881 527 656 506 507 531 882 657 -1 661 662 875 876 855 494 517 502 503 1614 -1 -2
584 962 599 602 605 606 589 590 591 618 619 621 626 -1 586 1229 40 611 613 591 593 621 624 625 626 -1 -2
675 1619 1620 679 1621 1622 780 -1 673 674 777 647 1623 1624 680 779 1625 1626 785 -1 -2
684 184 1627 1628 -1 1629 682 683 784 -1 -2
933 -1 128 -1 -2
130 -1 166 -1 -2
661 662 855 517 857 663 664 666 858 487 861 1038 862 124 125 865 866 869 1612 1613 874 1615 583 875 876 494 520 877 878 879 880 665 699 521 522 523 526 527 531 532 -1 856 486 1612 1613 519 1630 493 496 497 498 501 503 506 524 507 881 656 518 530 -1 -2
187 188 -1 773 681 774 1631 775 776 777 778 680 779 780 682 683 781 684 182 183 184 185 186 187 188 189 782 783 784 80 -1 -2
647 -1 116 -1 -2
649 -1 166 -1 -2
76 -1 660 -1 -2
615 -1 596 -1 -2
690 691 692 693 -1 686 687 -1 -2
138 139 140 141 142 143 -1 172 173 677 354 355 45 46 1632 48 1633 1634 701 43 1635 1636 -1 -2
697 -1 698 -1 -2
604 958 607 608 960 964 620 959 1637 1638 1639 1640 1641 -1 961 1642 597 1643 1644 600 1645 1646 1647 1648 1649 1650 616 964 -1 -2
828 829 830 831 832 833 834 702 835 836 837 -1 830 832 -1 -2
920 423 921 716 922 717 536 203 923 719 549 720 721 722 725 728 729 730 1034 732 733 1033 734 735 736 743 737 738 1651 739 1652 -1 722 728 732 733 734 735 736 -1 -2
545 546 547 548 549 725 -1 739 737 738 -1 -2
329 372 417 925 375 377 128 928 929 206 207 537 930 208 209 210 58 367 761 337 379 215 220 1653 1654 1655 760 1656 348 381 -1 374 1657 1658 205 -1 -2
1659 -1 1660 -1 -2
117 -1 737 -1 -2
770 -1 786 -1 -2
534 1661 771 -1 1661 -1 -2
787 788 789 790 791 792 793 795 796 797 1662 798 634 636 630 631 171 808 1186 809 810 811 812 -1 794 1175 1176 799 800 801 802 803 804 805 -1 -2
788 789 1186 -1 801 802 -1 -2
673 674 647 1623 1624 680 1622 1663 1664 -1 777 675 1663 1619 1620 1664 680 779 1621 1626 1622 785 780 -1 -2
682 683 184 684 -1 778 -1 -2
1665 770 -1 770 -1 -2
1666 -1 978 -1 -2
1667 -1 1668 -1 -2
359 934 330 201 347 371 -1 1669 366 69 356 934 363 225 378 201 202 851 1670 371 1671 1672 -1 -2
229 745 -1 1673 -1 -2
380 332 212 333 931 374 1674 365 932 368 936 216 370 376 350 -1 94 -1 -2
1020 983 1019 982 -1 662 1007 1008 858 1009 1010 -1 -2
1675 1246 1676 994 1193 772 995 1677 -1 1677 1676 -1 -2
1195 1678 -1 399 -1 -2
615 -1 660 -1 -2
911 -1 615 -1 -2
1046 -1 596 615 -1 -2
615 -1 660 -1 -2
615 -1 596 -1 -2
1679 917 -1 117 -1 -2
615 -1 1046 -1 -2
615 -1 596 615 -1 -2
615 -1 596 -1 -2
1092 -1 45 46 47 48 1632 435 436 437 438 76 1635 1093 918 1094 1680 1095 -1 -2
359 372 1681 373 761 362 379 344 345 347 369 381 377 -1 206 207 221 212 222 208 209 223 224 213 214 201 203 217 218 219 -1 -2
195 -1 167 -1 -2
596 615 -1 1046 -1 -2
615 -1 130 -1 -2
615 -1 596 -1 -2
1682 1683 1684 1685 1686 -1 1684 120 -1 -2
1046 -1 615 -1 -2
596 -1 615 957 -1 -2
356 -1 615 -1 -2
1687 -1 120 -1 -2
589 606 -1 613 593 -1 -2
958 959 1688 960 -1 1689 1690 960 958 959 1688 -1 -2
685 1504 1505 1498 1499 1500 1501 1502 1503 1691 1692 1693 1694 1695 1696 1697 1698 1699 165 135 1506 -1 1563 1564 1585 1586 1587 1588 1577 1578 1579 1589 1590 1591 1583 1592 1700 1701 1574 1575 -1 -2
971 967 968 -1 971 -1 -2
1702 366 -1 1703 -1 -2
356 -1 64 -1 -2
1372 1373 1374 1350 1352 -1 512 -1 -2
1009 -1 1015 -1 -2
1051 1016 856 857 1017 487 579 580 859 581 860 861 488 862 124 125 651 653 654 655 982 489 490 983 866 1052 1022 1325 867 868 984 1704 1028 1029 582 881 1030 656 506 507 1031 882 657 -1 1015 -1 -2
661 662 855 512 857 663 664 666 858 487 861 1038 862 125 863 1319 1021 1045 871 875 876 1039 877 878 879 880 665 900 1012 1009 1010 522 523 -1 1036 1007 1008 517 1044 486 580 1018 991 652 1019 1020 1318 1324 867 1023 1326 1024 1025 1026 1027 494 520 1011 1014 1029 1031 -1 -2
899 1027 -1 1037 981 898 1006 1026 -1 -2
1326 -1 1053 -1 -2
523 125 512 -1 196 -1 -2
1007 1039 865 857 663 665 1017 1009 1010 866 874 -1 1015 -1 -2
356 -1 855 1051 1016 856 857 1017 579 580 859 581 860 861 862 124 125 863 651 652 653 654 655 490 983 866 1052 1022 867 868 1029 582 881 1030 656 506 507 1031 882 657 -1 -2
1317 -1 79 -1 -2
1705 912 -1 116 -1 -2
992 993 995 -1 1194 994 1193 -1 -2
538 -1 552 -1 -2
620 -1 651 652 653 654 655 982 489 490 656 657 -1 -2
615 -1 596 615 -1 -2
615 -1 596 -1 -2
660 -1 615 -1 -2
660 615 -1 596 -1 -2
1706 -1 1707 1708 1709 -1 -2
656 -1 1013 -1 -2
1710 -1 1711 -1 -2
1013 1712 -1 991 -1 -2
1013 -1 1047 -1 -2
651 652 653 654 655 1019 1328 982 489 490 1020 983 656 984 863 657 -1 661 662 1015 1007 1008 857 663 664 666 1009 1010 -1 -2
615 -1 660 -1 -2
1047 -1 615 -1 -2
1481 1482 1483 1484 1478 -1 1570 1713 1714 1715 1716 1717 1718 1529 1530 1531 1532 1533 1534 1054 1535 1571 1055 1572 -1 -2
615 -1 1048 -1 -2
596 -1 1047 -1 -2
1056 -1 116 -1 -2
660 -1 615 -1 -2
130 -1 171 -1 -2
596 -1 116 -1 -2
596 -1 1047 -1 -2
660 615 -1 615 -1 -2
1047 -1 116 -1 -2
450 -1 1047 -1 -2
190 149 154 155 1058 158 159 160 192 193 -1 162 1059 145 -1 -2
1053 -1 1047 -1 -2
1057 1059 -1 75 -1 -2
1719 -1 1720 -1 -2
1051 1050 1104 1105 1721 1722 1027 -1 898 -1 -2
661 662 1007 1008 663 664 666 862 651 652 653 654 655 1019 982 489 490 1020 983 1320 1023 665 1009 1010 699 523 656 657 -1 517 -1 -2
973 -1 967 968 969 970 971 972 973 974 975 976 -1 -2
256 -1 1723 -1 -2
973 -1 967 -1 -2
494 -1 875 876 1011 1014 877 878 879 880 900 1012 699 522 -1 -2
450 -1 661 662 855 1015 1007 1008 517 512 857 663 664 666 858 1017 487 1018 861 1316 1038 862 125 991 865 1318 866 1324 1326 1026 1027 1712 874 875 876 1039 494 1011 1014 877 878 879 880 665 900 1012 1009 1010 522 523 1724 532 -1 -2
596 615 -1 1046 -1 -2
660 -1 615 -1 -2
116 -1 615 -1 -2
72 -1 1047 -1 -2
1114 1145 1725 1144 1146 1726 1147 127 -1 1166 887 1164 -1 -2
689 690 691 692 693 -1 694 686 687 688 -1 -2
690 691 693 -1 686 -1 -2
615 -1 1077 615 -1 -2
1047 -1 596 -1 -2
450 -1 596 -1 -2
1727 -1 450 -1 -2
226 -1 903 -1 -2
450 -1 1047 -1 -2
596 -1 450 -1 -2
120 -1 450 -1 -2
116 -1 1047 -1 -2
1728 -1 596 615 -1 -2
596 -1 450 -1 -2
615 -1 450 -1 -2
450 -1 1047 -1 -2
450 -1 1213 1057 1059 193 145 190 147 149 144 150 152 154 155 158 159 160 161 162 170 -1 -2
1047 -1 903 -1 -2
328 920 329 372 423 360 373 921 361 362 716 922 717 331 202 718 536 203 923 719 204 374 925 375 376 377 205 928 929 206 207 537 930 208 209 210 333 546 547 548 1674 365 932 1729 1730 1670 1669 1671 1672 1731 934 848 852 74 936 332 363 939 545 549 1047 334 366 335 721 367 761 336 337 379 730 942 943 213 214 731 1034 215 338 339 1033 1732 743 216 217 1651 340 220 380 341 223 342 343 345 346 368 348 349 369 381 370 350 -1 940 650 224 212 -1 -2
1047 -1 933 -1 -2
1092 -1 49 435 436 437 438 1093 918 1094 -1 -2
450 -1 1047 -1 -2
1093 918 1094 1680 1095 -1 450 -1 -2
76 -1 120 -1 -2
575 -1 450 -1 -2
1047 -1 435 1093 -1 -2
198 1733 -1 1652 -1 -2
62 -1 1734 14 505 -1 -2
494 -1 899 116 -1 -2
1111 -1 1098 -1 -2
1735 -1 677 1632 1633 1634 701 1635 439 354 355 45 46 47 48 1736 1737 1738 43 172 173 -1 -2
1111 1112 -1 1111 -1 -2
1111 1112 -1 1112 -1 -2
1111 -1 1112 -1 -2
1111 -1 1112 -1 -2
1111 -1 1112 -1 -2
1111 -1 1112 -1 -2
1112 -1 1111 -1 -2
1112 -1 1111 -1 -2
1098 -1 1112 -1 -2
1111 -1 1112 -1 -2
1111 -1 1112 -1 -2
1111 -1 1112 -1 -2
1111 -1 1112 -1 -2
1111 -1 1112 -1 -2
116 -1 1112 -1 -2
1111 -1 1112 -1 -2
1111 -1 1112 -1 -2
1111 -1 1112 -1 -2
1098 -1 1112 -1 -2
1111 -1 1111 1112 -1 -2
1111 1112 -1 1112 -1 -2
1112 -1 1111 -1 -2
1111 -1 1112 -1 -2
1111 -1 1112 -1 -2
1112 -1 1111 -1 -2
1111 -1 1112 -1 -2
1111 -1 1112 76 -1 -2
1111 1112 -1 1111 -1 -2
1111 -1 1112 -1 -2
1112 -1 1111 -1 -2
1112 -1 1111 -1 -2
1111 -1 1112 -1 -2
1111 -1 1112 -1 -2
1112 -1 1111 -1 -2
1111 -1 1112 -1 -2
1111 -1 1112 -1 -2
1112 -1 1111 -1 -2
1112 -1 1111 1112 -1 -2
1111 -1 1112 -1 -2
1111 -1 1112 -1 -2
1111 -1 1112 -1 -2
1111 -1 1112 -1 -2
1111 -1 1112 -1 -2
1111 -1 1112 -1 -2
1112 -1 1111 -1 -2
1351 1358 1359 1111 1739 1740 1741 1742 1743 1744 1745 1746 1747 1748 1749 1750 1751 1752 1753 1754 1755 1756 1757 1758 1759 669 671 -1 1112 -1 -2
1112 -1 1111 -1 -2
1111 -1 1112 -1 -2
1111 -1 1112 -1 -2
1111 1112 -1 1112 -1 -2
1112 -1 1111 -1 -2
1112 -1 1111 -1 -2
1112 -1 1111 -1 -2
1111 -1 1112 -1 -2
171 -1 1112 -1 -2
1112 -1 1111 -1 -2
1111 -1 1112 -1 -2
167 -1 1112 -1 -2
1111 -1 1098 -1 -2
1112 -1 1111 -1 -2
64 -1 116 -1 -2
534 -1 1183 1184 797 798 804 1178 1179 1180 -1 -2
920 329 423 921 716 922 717 718 536 203 923 719 204 925 377 205 928 929 206 207 537 930 208 209 210 545 547 548 933 334 721 335 212 725 726 730 942 943 213 214 731 1034 215 338 339 1033 1732 743 1651 217 220 223 650 224 368 -1 546 547 548 549 360 367 341 337 223 343 345 339 348 349 340 350 -1 -2
596 -1 199 598 615 -1 -2
40 611 613 593 624 625 -1 599 602 605 606 589 -1 -2
887 888 1164 -1 64 -1 -2
992 -1 352 537 930 353 650 942 1307 1300 1301 -1 -2
1187 1188 1189 1190 992 993 1191 1192 994 1193 995 1194 1196 1195 -1 116 -1 -2
1191 993 1192 1190 -1 992 1191 1187 995 -1 -2
1064 1065 1067 1068 1760 -1 1068 1760 1064 -1 -2
1761 1762 1763 1764 1237 627 1238 1765 776 778 1240 1766 1767 1768 1769 1242 1770 1243 779 1244 1771 1772 1773 1774 1775 1776 1777 682 683 1241 781 684 1627 1628 1778 182 183 184 185 186 187 188 189 1779 782 783 1780 1629 648 1239 784 80 1197 1198 1781 1782 1783 1784 -1 1785 -1 -2
1770 1786 -1 1202 -1 -2
1787 -1 1788 1789 1790 1204 1791 -1 -2
76 -1 64 -1 -2
117 883 -1 986 -1 -2
1792 1793 -1 1794 1795 -1 -2
70 1796 -1 70 1207 1797 -1 -2
171 -1 1098 -1 -2
1212 1064 -1 1200 -1 -2
64 -1 615 -1 -2
1046 -1 596 615 -1 -2
660 615 -1 615 -1 -2
953 -1 1098 -1 -2
1798 1799 1800 1304 1801 1802 1803 1804 1805 1219 1806 1807 1220 1217 1808 1809 1810 1811 1812 1813 1814 1815 1218 1816 1817 1818 1819 1820 1821 1822 1823 1824 1825 1826 1827 1828 1829 1830 1831 1832 1833 1834 1835 1836 1837 1377 1378 1379 1380 1381 1382 1383 1384 1838 1351 668 667 1361 1839 1840 1841 1362 1842 1843 1844 1845 1846 1847 1848 1849 1850 1363 1364 1365 1366 1367 1368 1369 1370 1371 1851 1852 1853 1854 1855 1856 1857 1858 1115 1116 1117 1118 1119 1120 1121 1122 1859 1860 1861 1862 1863 1864 1865 1866 1867 1868 1869 1870 1871 1872 1873 1874 1875 1876 1877 1878 1879 1880 1881 1882 1883 1884 1885 1886 1887 1888 -1 1889 1890 -1 -2
1046 -1 596 615 -1 -2
615 -1 660 -1 -2
1891 1892 1893 1894 -1 1892 1894 -1 -2
1891 1892 1893 1895 1896 1894 1897 -1 1892 1895 1894 1897 -1 -2
199 -1 171 -1 -2
1898 -1 401 639 412 397 414 396 415 416 59 886 1899 1900 1901 1902 1903 1904 1905 1906 1907 1908 1909 1910 1911 1912 1913 -1 -2
1907 1910 1911 1898 1913 1914 -1 1900 59 1901 -1 -2
1915 1916 1917 1918 1919 1920 1921 1922 1923 1924 1925 1926 1927 1928 1929 1930 1493 1497 165 135 1931 1932 1933 1934 1935 1936 1515 -1 1937 1938 1939 1940 1577 1578 1941 1942 33 1943 1944 1945 1946 1604 1605 1947 1948 1949 1950 1504 1951 1952 1953 1954 1955 1691 1692 1693 1694 1695 1696 1697 1700 1701 1956 1957 1698 1699 1958 1959 1960 1566 1567 1568 1569 1570 1571 1055 1572 1575 -1 -2
76 -1 953 -1 -2
584 962 599 602 605 606 589 590 618 619 621 626 -1 586 40 611 613 591 593 621 624 625 -1 -2
419 -1 420 -1 -2
419 420 -1 419 -1 -2
136 -1 76 -1 -2
1961 1234 1098 -1 1762 1763 1764 1237 627 1238 1765 1240 778 1767 1242 1243 1244 1771 779 1774 682 683 1241 781 684 1962 1627 1628 1778 182 183 184 185 782 187 188 783 1780 1629 1239 80 1197 1198 1782 -1 -2
1961 1770 -1 75 -1 -2
551 -1 1097 1061 1963 1964 -1 -2
939 -1 74 -1 -2
1965 -1 1966 -1 -2
1967 1968 1969 1970 1971 1972 1973 -1 667 1358 -1 -2
28 1077 1974 1975 1976 1977 1978 1436 1437 1438 1439 1440 1441 1442 1443 1444 1979 1980 1981 1982 1983 1984 1985 1986 966 1987 1988 1989 1990 1991 1992 1993 1994 1995 1996 1997 1998 1999 2000 2001 2002 2003 2004 2005 2006 2007 2008 2009 2010 2011 2012 2013 2014 2015 2016 2017 -1 2011 -1 -2
1216 -1 138 139 140 141 142 143 -1 -2
396 397 -1 414 639 -1 -2
357 -1 2018 2019 -1 -2
484 -1 2020 1291 -1 -2
23 42 -1 23 -1 -2
490 656 657 -1 1255 -1 -2
2021 -1 661 662 855 1015 1007 1008 517 857 663 664 666 1017 487 1018 861 1038 488 862 125 991 871 875 876 494 520 1011 1014 877 878 879 1012 1009 522 523 -1 -2
1219 1220 1217 1218 1818 -1 1217 1218 1220 -1 -2
1219 1220 1217 1218 1818 -1 1217 1218 1220 -1 -2
414 2022 -1 401 129 412 413 1311 2022 2023 2024 2025 1312 2026 1313 2027 2028 1314 1315 2029 2030 415 416 1906 1909 -1 -2
651 652 653 654 655 1019 1327 982 489 490 1020 1319 983 868 656 863 657 -1 1007 1008 517 857 663 664 665 666 1009 1010 523 -1 -2
2031 -1 2032 2033 -1 -2
2034 -1 2035 -1 -2
2036 553 554 555 573 558 559 560 561 562 563 564 565 566 567 -1 560 562 555 564 -1 -2
2037 -1 584 585 586 962 1229 575 2038 588 589 590 591 592 593 40 199 2039 594 595 597 598 599 600 601 602 603 604 605 606 607 608 609 610 611 612 613 614 615 616 618 619 620 621 622 623 624 625 626 -1 -2
595 596 -1 199 615 -1 -2
40 611 613 591 593 624 625 -1 599 602 605 606 589 -1 -2
121 -1 79 -1 166 -1 -2
79 -1 116 -1 38 2040 1206 2041 2042 -1 -2
1024 1025 1026 -1 1026 -1 1324 1026 1027 -1 -2
2043 2044 980 2045 -1 328 359 920 329 372 423 360 373 921 361 362 716 330 922 717 331 201 202 718 536 203 923 719 924 204 374 925 375 376 377 926 205 927 928 929 206 207 537 930 208 209 210 74 334 366 335 212 367 761 336 337 379 942 943 213 214 215 338 339 944 1732 945 216 217 218 219 340 220 380 946 947 948 949 221 222 1703 950 341 223 650 224 225 951 952 1702 342 343 344 345 346 347 368 348 349 369 381 370 371 2046 350 -1 115 -1 -2
372 761 333 368 369 377 -1 379 381 -1 931 -1 -2
753 755 757 758 -1 658 351 748 751 -1 752 754 756 1673 745 746 659 747 749 750 -1 -2
753 757 -1 658 746 659 747 351 748 -1 658 752 754 756 759 746 659 747 351 748 749 750 751 -1 -2
254 -1 254 255 -1 120 -1 -2
254 -1 254 255 -1 254 -1 -2
254 -1 254 255 -1 254 -1 -2
254 -1 255 -1 254 -1 -2
254 -1 255 -1 254 -1 -2
254 -1 255 -1 254 -1 -2
254 -1 255 -1 254 -1 -2
254 -1 255 -1 254 278 -1 -2
254 -1 255 -1 120 -1 -2
1043 258 -1 269 270 260 262 263 264 -1 258 -1 -2
753 755 757 758 -1 1673 255 254 -1 658 752 754 756 759 745 746 659 747 351 748 749 750 751 -1 -2
2018 2019 -1 2018 -1 254 255 258 -1 -2
254 -1 255 -1 254 -1 -2
254 -1 254 255 -1 254 -1 -2
254 -1 254 255 -1 254 -1 -2
254 -1 254 255 -1 254 -1 -2
254 -1 255 -1 254 -1 -2
254 -1 255 -1 254 -1 -2
254 -1 255 -1 254 -1 -2
254 -1 1336 -1 254 -1 -2
254 -1 254 255 -1 254 -1 -2
327 2047 -1 327 1963 2048 1062 387 388 389 1060 390 391 392 393 394 2049 2050 2051 2052 395 2053 2054 2055 -1 2047 -1 -2
1350 1352 1375 -1 1339 1360 1372 1373 1374 1352 1353 -1 1355 1372 -1 -2
2056 -1 355 45 435 436 437 438 -1 957 953 966 64 1403 1404 1377 1378 1379 1380 1381 1382 1383 1384 1416 1417 1418 1419 1420 1421 1422 1423 1351 1356 1047 1361 1362 1436 1437 1438 1439 1440 1441 1442 1443 1444 1363 1364 1365 1366 1367 1368 1369 1370 1371 1445 1446 1447 1448 1449 1450 1451 1452 1453 1454 1455 1456 1457 1458 1459 1460 1461 2057 2058 2059 2060 2061 2062 2063 2064 2065 2066 2067 2068 2069 2070 2071 2072 2073 2074 2075 1134 1135 1136 1137 1138 1139 1140 2076 2077 2078 2079 2080 2081 2082 2083 2084 2085 2086 2087 2088 2089 2090 2091 2092 2093 1115 1116 1117 1118 1119 1120 1121 1122 -1 -2
429 430 431 433 434 2094 2095 2096 24 -1 428 432 433 2097 440 -1 24 -1 -2
2098 -1 418 2099 2098 -1 418 140 -1 -2
690 691 692 693 -1 686 -1 694 687 -1 -2
556 -1 562 564 565 -1 560 555 -1 -2
869 521 1613 526 527 1630 -1 856 857 860 488 862 124 125 863 651 652 653 654 655 489 490 1320 866 867 868 656 657 -1 855 -1 -2
603 199 615 601 -1 595 596 597 600 609 610 612 616 622 623 -1 1 -1 -2
2100 -1 2101 675 781 684 189 2102 2103 182 183 184 185 80 2104 -1 627 673 674 1623 1624 779 682 683 2105 2106 1241 1962 1627 1628 1778 1779 782 783 2107 1780 187 188 1629 2108 2109 2110 -1 -2
685 1504 1505 1498 1499 1500 1501 1502 1503 2111 2112 2113 2114 2115 2116 1958 1959 1960 2117 2118 2119 1506 2120 2121 1513 -1 1499 1500 1501 1502 1503 2122 1517 1504 1505 1498 -1 1577 1578 1579 1580 1582 1583 1585 1586 1587 1588 1589 1590 1591 1592 1593 1594 1595 1596 1597 1598 1599 1600 54 1601 1602 1603 1604 1605 1606 1607 1608 1957 2123 2124 2125 2126 2127 2128 2129 2130 1544 1545 1546 1547 1548 1549 2131 2132 1700 1701 1956 1555 1556 165 135 1557 1558 1559 1562 1560 1563 1564 1565 1566 1567 1568 1569 1570 1571 1055 1572 1573 1574 1575 -1 -2
75 -1 309 310 311 312 313 314 315 316 317 319 320 321 322 323 324 325 117 282 283 285 286 287 288 292 293 294 295 296 297 300 301 302 124 125 2133 2134 2135 1611 578 1614 1618 1630 582 881 656 506 507 882 657 855 856 486 857 487 579 580 859 581 860 861 488 862 863 651 652 653 654 655 489 490 866 867 868 2136 2137 977 2138 2139 2140 2141 2142 2143 500 501 502 503 -1 583 1630 -1 -2
673 674 647 629 1626 785 -1 673 674 777 675 1619 1620 1623 1624 779 1621 1622 785 -1 777 1625 780 -1 -2
596 615 -1 1046 -1 660 615 -1 -2
2144 -1 172 173 677 354 1633 1634 2145 -1 1634 -1 -2
282 283 287 292 293 294 296 300 301 2146 2147 2148 2149 2150 2151 977 315 316 324 325 -1 297 282 2152 -1 301 -1 -2
629 -1 1663 680 -1 1663 680 1664 1048 -1 -2
77 -1 117 -1 1308 -1 -2
661 651 652 653 654 655 517 489 490 663 664 665 666 487 523 868 125 657 -1 512 2153 2154 2155 897 79 1323 1317 -1 1021 2156 1325 -1 -2
226 -1 227 -1 903 -1 -2
1246 1247 1248 1249 -1 1195 -1 1248 -1 -2
2157 66 405 410 411 -1 403 -1 399 -1 -2
615 -1 1705 2158 2159 2160 -1 1705 2158 2159 -1 -2
658 753 755 756 757 758 745 747 351 748 751 -1 752 754 1673 746 659 749 750 -1 116 -1 -2
329 366 367 337 1702 348 -1 950 920 1703 -1 423 921 716 922 717 536 923 719 928 929 537 930 942 943 944 1732 945 948 949 650 -1 -2
1850 1798 1799 1123 2161 2162 2163 2164 2165 2166 2167 1124 1125 1126 1127 2168 1128 1739 1740 1741 1742 1743 1744 1745 1746 1747 1830 1831 1832 1833 1834 1835 1836 1837 1751 1752 1753 1754 1755 1756 1757 1758 2169 2170 2171 2172 2173 1377 1378 1379 1380 1381 1382 1383 1384 2174 2175 2176 1759 2177 2178 2179 2180 2181 2182 1838 2183 2184 2185 2186 2187 2188 2189 2190 1351 2191 2192 2193 2194 2195 2196 2197 2198 2199 2200 2201 2202 2203 2204 1047 1361 2205 1839 1840 1362 1841 1842 1843 1844 1845 1846 1847 1848 1849 1363 1364 1365 1366 1367 1368 1369 1370 1371 1800 1851 1115 1116 1117 1118 1119 1120 1121 1122 -1 1682 1683 1684 2206 2207 2208 2209 2210 2211 2212 955 954 668 667 1358 44 1365 2213 2214 2215 953 1685 1453 2064 2065 2066 2067 2068 2069 2070 2071 1380 1686 956 669 2216 2217 -1 957 -1 -2
596 615 -1 615 -1 660 -1 -2
2218 -1 2219 -1 2220 -1 -2
2221 1689 1690 960 958 959 2222 1688 2223 -1 2220 2224 -1 2225 -1 -2
1798 1799 1123 2161 2162 2163 2164 2165 2166 2167 1124 1125 2168 1830 1831 1832 1833 1834 1835 1836 1837 2169 2170 1377 1378 1379 1380 1381 1382 1383 1384 1838 1351 1047 1361 1839 1840 1841 1362 1842 1843 1844 1845 1846 1847 1848 1849 1850 1363 1364 1365 1366 1367 1368 1369 1370 1371 1800 1851 979 2226 2227 2228 2229 1852 1853 1854 1855 1856 1857 2230 2231 2232 2233 2234 2235 2236 2237 2238 2239 2240 2241 2242 2243 2244 2245 2246 2247 2248 2249 2250 2251 2252 2253 2254 2255 2256 2257 2258 2259 2260 2261 2262 2263 2264 2265 2266 2267 2268 2269 2270 2271 -1 1845 953 1416 1417 1418 1419 2216 1420 2217 1423 1421 1422 2183 2184 2185 2186 2187 2188 2189 2190 668 667 1839 1840 1841 1842 1843 1844 1437 1846 1438 1439 1440 1850 1441 1442 1443 1444 1847 1848 1849 1798 1799 1800 1851 2215 1453 1454 1455 1456 1457 1458 1459 1460 1461 2272 2064 2065 2066 2067 2068 2069 2070 2071 2273 2274 2275 2276 2277 2278 1115 1116 1117 1118 1119 1120 1121 1122 2279 2280 2281 2282 2283 2284 -1 2275 2276 2277 2278 2273 -1 -2
2275 2276 2277 2278 2273 -1 2280 2281 2282 2283 2284 -1 2275 2276 2278 2281 2282 -1 -2
116 1666 -1 686 687 688 692 693 694 -1 690 691 689 -1 -2
966 -1 1351 1875 1876 1047 1361 2285 2286 2287 1362 1363 1364 1365 1366 1367 1368 1369 1370 1371 1830 1831 1832 1833 1834 1835 1836 1837 1377 1378 1379 1380 1381 1382 1383 1384 1838 -1 1453 953 -1 -2
690 691 693 -1 686 690 691 692 693 -1 686 687 -1 -2
2288 -1 2289 576 2290 577 -1 2291 2021 174 2292 -1 -2
64 -1 696 -1 1013 1050 -1 -2
487 -1 1038 1616 871 2293 -1 104 -1 -2
2256 2294 2295 2296 2297 1367 953 1742 1743 1744 1745 1746 1747 2064 2065 2066 2067 2069 2070 2071 2068 1382 2254 2255 -1 1356 -1 1039 1724 -1 -2
1102 855 1051 1110 1022 860 1322 79 1052 -1 356 196 -1 76 -1 -2
1008 -1 664 -1 487 666 517 -1 -2
996 997 998 999 1000 1001 1004 127 -1 1001 -1 535 -1 -2
2291 2288 576 2021 1049 -1 661 662 855 1015 1007 1008 517 511 856 1050 857 663 664 666 858 1017 487 1037 860 1018 861 1316 1038 488 862 124 125 863 865 866 867 2298 981 868 1005 1006 1013 196 1616 875 876 1039 494 1011 1014 877 878 879 880 665 900 1012 1009 1010 699 522 523 899 532 -1 1110 -1 -2
484 -1 117 -1 356 -1 -2
1013 -1 1719 -1 1720 -1 -2
661 662 855 1610 1015 1007 1008 517 512 857 663 664 666 858 1017 487 1018 861 1038 862 125 991 865 1318 866 1324 1326 1026 1027 871 874 1616 2299 875 876 1039 494 520 1011 1014 877 878 879 880 665 900 1012 1009 1010 699 522 523 2300 1724 533 -1 1324 1318 991 1026 -1 1013 -1 -2
1713 1714 1715 1716 1718 1529 1530 1531 1532 1534 1054 1535 -1 1713 1714 1529 1530 1566 1535 -1 1566 1567 1568 450 1570 1569 -1 -2
171 -1 1048 -1 1047 -1 -2
2183 2184 2185 2186 2187 2188 2189 2190 2301 1047 2302 1965 2303 2304 2305 1123 2306 2162 2163 2164 2165 2166 2167 1124 1125 1126 2307 2168 2308 2309 2310 2311 2312 2313 2314 2315 2316 2011 2317 2318 2319 2320 2321 2322 2323 2324 2325 2326 -1 2069 2070 2071 2327 2215 953 2064 2065 2066 2067 2068 -1 2328 -1 -2
1053 192 193 194 -1 192 -1 155 160 161 -1 -2
159 192 158 190 -1 145 191 149 144 154 155 1058 1059 158 159 160 161 162 192 193 194 -1 1059 -1 -2
661 662 512 1051 1007 1008 663 664 666 858 1017 487 1316 1038 488 862 124 125 2156 875 876 1011 1014 878 880 665 900 1012 1009 1010 523 1724 -1 985 494 517 981 899 196 -1 898 -1 -2
858 1017 -1 1037 981 -1 991 -1 -2
2329 2330 2331 2332 2333 2334 2335 1351 1361 1839 1840 1841 1842 1843 1844 1845 1846 1965 2226 2227 2228 2317 2318 2319 2320 2321 2322 2323 2324 1377 1378 1379 1380 1381 1382 1383 1384 -1 2336 1079 1080 -1 2337 2338 2339 2340 1966 2341 2342 2343 2344 2345 1077 667 52 53 1079 2346 1376 1080 2347 1078 -1 -2
2342 2347 2338 -1 2347 -1 2347 2338 -1 -2
120 -1 1077 -1 615 -1 -2
1046 -1 660 -1 615 -1 -2
615 -1 120 -1 596 -1 -2
660 615 -1 450 -1 1047 -1 -2
158 159 -1 193 -1 155 160 152 161 -1 -2
116 -1 450 -1 1048 -1 -2
116 -1 1111 -1 1112 -1 -2
1111 1112 -1 1634 -1 1112 -1 -2
1098 -1 1111 -1 1112 -1 -2
1111 -1 575 -1 1111 -1 -2
1111 1112 -1 1111 -1 1112 -1 -2
1098 -1 1112 -1 1111 -1 -2
1112 -1 1111 -1 1112 -1 -2
1112 -1 1098 -1 1111 -1 -2
1112 -1 1111 -1 1098 -1 -2
1112 -1 1111 -1 538 -1 -2
1111 1098 -1 1112 -1 116 -1 -2
1111 1112 -1 1098 -1 1111 1112 -1 -2
1112 -1 1111 1112 -1 1111 -1 -2
1111 1112 -1 116 -1 1112 -1 -2
1112 -1 1111 -1 696 -1 -2
1112 -1 2348 2349 2350 2351 2352 2353 2354 2355 2356 2357 2358 2359 1308 1111 116 -1 2360 2361 2362 2363 2364 2365 2366 2367 2368 2369 1585 1586 1587 1588 1589 1590 1591 1592 2370 2371 2372 2373 2374 2375 2376 2377 2378 2379 1539 1540 1541 1542 1543 2380 2381 2382 2383 2384 2385 1550 1551 1552 2386 2387 2388 2389 1564 2390 2391 2392 2393 2394 2395 2396 2397 2398 -1 -2
1111 -1 1112 -1 1111 -1 -2
1112 -1 1111 -1 1112 -1 -2
1112 -1 1111 -1 1112 -1 -2
64 -1 1111 1112 -1 575 -1 -2
1111 -1 1112 -1 1111 1112 -1 -2
1111 -1 1112 -1 1112 1111 1098 -1 -2
1111 1112 -1 1098 -1 1111 -1 -2
1111 -1 1112 -1 1111 -1 -2
1111 -1 1112 -1 2399 2400 2401 2402 -1 -2
787 792 793 2403 1177 990 809 810 -1 631 637 808 634 1181 -1 795 633 791 635 -1 -2
788 789 794 797 798 801 802 804 805 -1 1184 2404 797 1186 1179 -1 1182 1183 1184 794 1175 798 804 1178 1180 -1 -2
171 -1 195 -1 64 -1 -2
658 752 746 659 747 351 748 751 -1 1114 2405 996 713 997 2406 1165 1166 887 888 2407 2408 127 -1 2405 -1 -2
1188 1195 -1 1576 2409 2410 2411 2412 2413 2414 2415 2416 2417 2418 2419 2420 2421 2394 1519 1520 1521 1522 1523 1524 1525 1526 1527 1528 1529 1530 54 1531 1532 1533 1534 1054 1535 2397 70 1541 1542 1543 2396 2395 1713 2422 2423 2424 1714 1715 1716 2425 1513 2426 2427 2428 2429 2430 2431 1566 1567 1568 1569 1570 1571 1055 1572 2432 2433 2434 -1 2410 2411 2435 2436 2437 2438 2439 2440 2441 2442 1537 2443 1566 1567 1568 1569 1570 1571 1055 1572 -1 -2
2444 -1 1204 -1 1791 -1 -2
2445 2446 2447 1706 1707 1708 1709 2448 2449 2450 2451 -1 2452 2453 -1 460 -1 -2
493 495 498 499 2454 1206 -1 495 496 497 499 500 501 2454 2455 2456 1306 2457 1206 2042 -1 2456 2457 2458 -1 -2
615 -1 596 -1 1098 -1 -2
615 -1 596 -1 615 -1 -2
1891 1892 1893 1895 1896 1894 1897 1246 1676 994 772 1675 1677 1247 1248 1249 1195 -1 596 -1 1892 1895 1894 2459 1676 1248 -1 -2
61 -1 586 591 592 593 199 963 595 596 597 600 609 610 611 612 613 616 622 623 624 625 626 -1 596 615 -1 -2
1462 1463 1464 1465 2409 2460 2461 2462 2463 2464 2465 2466 2467 1916 2468 2469 2470 2471 2472 1483 1484 2473 2474 2475 1537 165 1507 1508 1509 1510 1511 1512 2476 -1 2462 2463 -1 2473 2470 -1 -2
1049 -1 661 662 1015 1007 1008 517 1050 857 663 664 666 1037 1017 487 1018 861 1038 488 862 124 125 2298 981 1013 196 875 876 1039 494 1011 1014 877 878 879 880 665 900 1012 1009 1010 522 523 899 -1 196 -1 -2
1098 -1 603 199 615 601 -1 595 -1 -2
1246 -1 1194 994 1193 995 -1 1248 -1 -2
281 282 287 288 289 292 293 294 296 297 300 301 307 2477 2478 2479 2480 316 318 324 325 -1 658 752 753 754 755 756 229 745 746 659 747 351 748 749 750 751 -1 289 2477 2479 2480 2481 759 301 -1 -2
27 -1 271 2482 -1 50 -1 -2
1016 856 656 579 580 859 581 1317 1029 582 881 1030 79 506 507 1031 882 1024 -1 1010 665 -1 1044 490 124 860 861 1323 1025 507 125 882 657 -1 -2
661 662 1007 1008 517 865 663 664 666 1009 523 1316 -1 1712 -1 1028 855 1015 1045 1318 487 1324 1018 861 532 1326 991 1026 1027 -1 -2
865 858 866 1017 874 1038 -1 1610 125 -1 124 1027 -1 -2
254 -1 255 -1 254 -1 254 255 -1 -2
254 -1 255 -1 744 -1 254 -1 -2
254 -1 255 -1 254 -1 255 -1 -2
254 -1 1336 -1 278 -1 254 -1 -2
433 -1 2096 24 431 -1 434 2094 2095 2096 -1 434 429 430 2096 -1 -2
553 554 555 556 557 558 559 560 561 562 563 564 565 574 566 567 -1 553 555 560 562 564 -1 552 -1 557 558 -1 -2
857 663 664 665 666 858 487 523 861 1038 125 -1 661 662 855 517 -1 520 877 878 879 880 665 522 523 531 -1 875 876 494 -1 -2
596 615 -1 1046 -1 615 -1 660 -1 -2
120 -1 596 615 -1 1046 -1 615 -1 -2
2483 -1 1114 2405 2484 996 997 2485 897 2153 2486 2408 127 -1 1164 1165 1166 887 888 713 -1 2405 -1 -2
2487 -1 1167 2488 2154 713 -1 2489 2490 -1 2056 -1 -2
1174 -1 2491 -1 990 989 1177 -1 1334 -1 -2
2492 -1 136 2493 -1 2494 -1 2495 -1 -2
615 -1 192 193 -1 1059 -1 155 160 161 -1 -2
1710 1049 -1 2496 1711 -1 2497 1712 -1 120 -1 -2
486 1013 2498 1050 -1 871 883 2499 898 899 1106 1052 1102 1103 1051 1044 1104 1037 124 125 874 875 876 1039 494 520 1011 1014 877 878 879 880 665 900 1012 1009 1010 522 523 1029 582 881 1030 656 506 507 1031 882 657 661 662 855 1015 1007 1008 517 1016 856 486 857 663 664 666 858 1017 487 579 580 859 581 860 1018 861 1038 488 862 991 863 651 652 653 654 655 1019 865 982 489 490 1020 1318 1319 983 866 1022 1324 1325 867 1023 868 1326 984 1024 1025 1026 2298 1005 1006 1013 1109 196 985 -1 97 -1 96 -1 -2
1037 -1 883 1109 -1 1027 -1 1324 991 981 1027 -1 -2
67 -1 709 711 714 -1 658 752 756 2155 746 659 747 351 748 751 -1 749 750 -1 -2
2337 -1 2338 -1 660 -1 2500 -1 -2
130 -1 2501 -1 1077 2501 -1 450 -1 -2
615 -1 1965 -1 1966 903 904 905 226 227 -1 2502 -1 -2
450 -1 596 -1 660 615 -1 615 -1 -2
283 284 285 286 287 288 292 293 294 295 296 301 302 2133 2134 2503 2504 311 312 313 314 977 316 317 2141 321 322 323 324 325 -1 282 309 297 300 2139 319 320 -1 322 313 314 -1 301 302 -1 -2
1112 -1 1098 -1 1111 -1 1112 -1 -2
1111 -1 1112 -1 1111 -1 1112 -1 -2
1112 -1 1111 -1 575 -1 1112 -1 -2
1111 -1 1112 -1 1111 -1 1112 -1 -2
1111 1112 -1 1112 -1 117 -1 1112 -1 -2
1112 -1 1111 -1 1112 -1 668 667 2272 -1 -2
1111 -1 1877 2204 2205 2505 2506 2238 1365 1366 1368 1129 -1 1112 -1 2507 -1 -2
1111 -1 1112 -1 1098 -1 1111 -1 -2
1111 -1 1112 -1 76 -1 1111 -1 -2
1187 1190 992 993 1191 1192 1194 -1 995 -1 1048 -1 1188 1195 -1 -2
1069 1070 2508 1212 2509 2510 2511 2512 2513 -1 1066 1067 1200 2514 2515 -1 1069 1070 2509 -1 1066 2514 2511 2512 2513 -1 -2
1098 -1 486 1206 38 1075 2454 2516 1076 1205 2455 2456 2457 986 1306 493 495 520 496 497 498 499 500 501 502 503 521 524 525 526 529 519 527 528 518 530 531 -1 107 -1 100 -1 -2
2517 1859 1868 1869 1870 1871 1872 1873 1874 1877 1878 1887 1304 1813 1129 1830 1832 1833 1834 1835 1858 2180 2181 -1 1888 1806 1442 -1 1348 1349 1860 1861 1862 1863 1864 1865 1866 1867 1868 2518 2519 2520 2287 2521 1879 1880 1881 1882 1883 1884 1885 1886 2522 2523 2524 2525 2526 1887 1304 1805 2232 2527 2528 1751 1752 1753 1754 1755 1756 2230 2231 2169 2170 2171 2233 2234 2174 2235 2236 2237 -1 1889 2529 -1 -2
854 -1 2530 -1 2025 2026 2022 2024 -1 484 -1 -2
855 1016 856 486 487 579 580 859 581 860 861 488 862 124 125 863 652 653 654 655 489 490 866 867 1024 1029 582 881 1030 656 506 507 1031 882 657 -1 1102 512 1015 1051 1044 1016 857 1017 487 579 1018 125 651 1019 1724 982 1020 983 1321 1022 1023 868 1323 984 985 2156 2299 875 876 494 1011 1014 877 878 879 880 900 1012 1009 699 522 1029 881 1030 899 1031 1052 -1 1102 1050 1104 1037 1109 1013 1025 1052 -1 1007 1008 517 857 663 664 666 858 1017 487 1018 861 1038 125 991 1326 1109 871 1616 1039 494 520 1011 1014 877 878 879 880 665 900 1010 522 523 -1 -2
419 -1 2531 2532 815 2533 2534 2535 2536 838 2537 818 819 820 821 822 824 825 814 828 829 830 831 832 833 834 702 835 836 837 839 842 1041 -1 419 420 -1 419 -1 -2
2538 2539 2540 2541 2542 2543 2544 2545 2546 2547 2548 2549 2550 -1 2551 2552 2553 2554 2555 2556 2557 2558 2559 2560 2561 2562 2563 2564 2565 2566 1785 -1 2567 2568 2569 2570 2571 1113 2572 2573 2574 2575 2576 2577 2578 2579 2580 2145 -1 2581 2582 2583 2584 2585 2586 2587 -1 2588 278 1336 2589 2590 2591 2592 2593 2594 2595 2596 2597 -1 -2
342 343 339 951 -1 334 341 1702 339 340 -1 933 -1 920 423 1703 950 921 716 922 717 1702 536 923 719 -1 359 223 330 331 344 345 347 371 350 -1 -2
254 -1 120 -1 254 -1 255 -1 254 -1 -2
254 -1 255 -1 278 -1 254 -1 255 -1 -2
755 -1 753 -1 254 -1 278 -1 229 745 -1 -2
282 2598 287 288 2141 -1 2134 295 301 302 319 2133 324 325 -1 292 313 314 322 323 324 -1 297 315 316 -1 285 286 -1 -2
652 1328 1019 1020 488 863 -1 662 699 -1 1316 1324 -1 1712 -1 1318 96 991 1027 -1 -2
615 -1 596 615 -1 1046 -1 660 -1 615 -1 -2
1047 -1 2183 2184 2185 2186 2187 2188 2189 2190 1047 1965 953 2599 2600 2601 2303 2304 2305 2306 2301 2307 2302 2308 2309 2310 2311 2312 2313 2314 2315 2316 2011 2602 2603 2604 2317 2318 2319 2320 2321 2322 2323 2324 2250 -1 2069 2070 2071 2605 2606 2607 2608 2215 770 2609 2610 2611 2612 2064 2065 2066 2067 2068 -1 1069 1070 1064 1065 2508 2613 1079 2346 227 2614 1212 2328 2509 1068 1760 -1 1066 1067 1200 2514 2515 -1 -2
2615 2616 2617 2618 1965 2619 2620 2621 2622 -1 2320 2321 2322 2323 2324 2338 2317 2318 2319 -1 2339 1077 -1 2338 -1 660 615 -1 -2
540 -1 329 547 334 548 335 -1 338 339 -1 329 372 360 373 361 362 374 925 375 376 377 205 545 546 547 548 549 932 2623 2624 1729 1730 334 335 367 761 725 337 379 726 216 340 220 380 341 223 343 345 368 348 349 369 381 370 350 -1 212 725 210 215 338 339 -1 -2
2561 -1 120 -1 1660 -1 2572 2573 -1 2562 2563 2565 -1 -2
1111 -1 1112 -1 1111 -1 1111 1112 -1 2625 -1 -2
1111 -1 552 -1 1098 -1 1111 -1 1112 -1 -2
1111 -1 1098 -1 1112 -1 1111 -1 1112 -1 -2
1111 -1 1112 -1 538 -1 1112 -1 1111 -1 -2
603 -1 199 -1 1727 -1 1112 -1 1111 -1 -2
1098 -1 787 788 789 790 791 792 793 795 796 797 798 799 800 801 802 803 804 632 633 634 635 636 637 630 631 1177 989 990 1178 1179 1180 1181 2626 1184 808 1186 809 810 811 812 -1 630 2627 1182 1183 2628 2629 794 1175 1176 989 990 808 805 632 635 195 1181 -1 630 631 790 791 2628 2629 1185 795 2403 1181 808 632 633 635 636 637 -1 2630 2631 195 382 -1 -2
64 -1 2632 -1 1792 1793 -1 2633 -1 1794 1795 -1 -2
2018 -1 165 -1 2043 2044 -1 920 2634 2020 1291 2635 2636 2637 1292 -1 1291 1292 2634 -1 -2
2288 576 174 577 -1 1050 857 1037 858 487 860 861 863 1319 867 2298 1005 868 1006 981 1013 196 1039 2638 699 899 -1 1102 1103 1015 1051 1044 1050 1016 1104 1105 857 1037 858 1017 579 580 859 581 860 1038 488 862 863 864 651 652 653 654 655 1019 865 982 489 1020 1319 983 866 1021 1022 1325 867 1322 1023 868 1323 984 1013 1109 1110 870 873 79 883 1617 1039 1029 582 1030 506 1031 1106 1052 -1 1109 -1 985 1104 1037 981 1024 1025 1026 1027 -1 -2
725 -1 136 -1 1067 2514 -1 1069 1070 2509 2511 2510 2512 2513 -1 2639 1212 -1 -2
333 -1 373 -1 362 -1 328 336 364 1674 -1 932 365 -1 1702 762 346 -1 -2
2640 2641 481 -1 460 473 442 444 445 450 452 2642 -1 482 443 476 -1 231 232 -1 467 448 449 -1 459 462 463 466 472 447 482 451 453 -1 -2
2108 2643 2644 -1 2643 2644 -1 2108 2645 2643 2644 -1 2108 2643 -1 2643 2646 2101 -1 2647 2648 1239 2108 2110 -1 -2
911 -1 615 -1 166 -1 911 -1 1046 -1 596 915 615 -1 -2
2224 -1 961 1642 597 1643 1644 600 1645 1646 1647 1648 1649 1650 616 1687 964 -1 1646 -1 586 962 538 587 588 589 590 591 592 593 960 958 959 1637 1638 1639 1640 1641 961 40 34 1646 2649 2650 57 2222 1688 2651 2223 2221 1689 963 2652 2653 604 606 607 608 612 613 620 -1 2654 -1 90 83 -1 -2
1049 -1 881 2655 -1 1351 2180 1047 1361 2656 1362 2657 2658 2294 2295 2296 2297 2659 2660 2661 1363 1364 1365 1366 1367 1368 953 1369 1370 1371 2161 2162 2163 2164 2165 2166 2167 2168 2064 2065 2066 2067 2068 2069 2070 2071 2662 1377 1378 1379 1380 1381 1382 1383 1384 2178 2181 -1 661 662 855 1015 1007 1008 517 1339 856 1353 857 663 664 666 858 1017 487 1350 1037 1352 860 1018 861 1316 1038 488 862 124 125 863 668 1355 1356 667 1360 511 865 1319 866 1022 867 2298 1023 868 981 1005 1006 196 1453 1372 1373 1374 1375 1050 874 875 876 1039 494 1376 1011 1014 877 878 879 880 665 900 1012 1009 1010 522 523 899 669 -1 857 196 -1 1102 1103 1015 1051 1050 1104 1016 856 1037 858 1017 579 580 859 581 860 861 1038 488 862 124 863 651 652 653 654 655 1019 865 982 489 490 1020 1106 1319 983 866 1052 1321 1022 867 1322 1023 868 984 1013 2663 1109 883 1029 582 881 1030 656 506 507 1031 882 657 -1 -2
661 662 517 857 663 664 665 666 1009 1010 523 981 -1 855 1007 1008 863 651 652 653 654 655 1019 982 489 490 1020 983 1023 1109 656 657 -1 1328 1610 1037 699 868 -1 853 -1 76 -1 1436 -1 -2
2664 2665 2666 2667 2668 2669 2670 2671 2409 2412 1477 1478 1479 1480 1481 1482 1483 1484 2422 2423 2424 2425 1513 2426 2427 2428 2429 2430 2431 2432 2433 2434 2417 2420 2421 2672 -1 1477 1481 1484 2394 2395 1529 1530 54 1532 1531 1533 1534 1535 1054 1539 1540 1541 1542 1543 1713 2673 1714 1715 1716 1717 1718 2443 1566 1567 1568 1569 1570 1571 1055 1572 2396 2397 -1 1519 54 -1 1716 1572 54 1566 1532 1567 1568 1570 1571 1055 1569 -1 1481 1482 1483 1484 1477 1478 1479 1480 -1 1713 1715 1718 1530 1531 1534 1054 1535 -1 -2
2664 2665 2666 2667 2668 2669 2670 2671 2409 1470 1471 2412 2417 1199 1477 1478 1479 1480 1481 1482 1483 1484 2674 2675 2676 2677 2678 2679 2680 2681 2682 2683 2684 2685 2686 2687 2688 2422 2423 2424 1507 1508 1509 1510 1511 1512 1513 2425 2426 2427 2428 2429 2430 2431 2432 2433 2434 2420 2421 2672 -1 2664 2665 2666 2672 -1 2664 2665 2666 2667 2668 2669 2670 2671 2409 2410 2411 2435 2436 2437 2438 2439 1470 1471 2440 2412 2441 1048 1477 1478 1479 1480 1481 1482 1483 1484 2674 2683 2684 2685 2686 2687 2688 1713 2673 2422 2423 2424 1714 1715 1716 1717 1718 2443 2425 1513 2426 2427 2428 2429 2430 2431 2432 2433 2434 2417 2420 2421 2672 -1 1481 1482 1483 1484 2689 1477 1478 1479 1480 -1 1571 54 1048 -1 1519 70 54 -1 -2
1111 -1 1098 -1 1112 -1 2690 1111 -1 2690 1112 -1 1112 -1 -2
1112 -1 1111 -1 2691 -1 786 -1 1111 -1 1111 1112 -1 -2
1112 -1 1098 -1 1111 -1 1112 -1 1111 -1 1112 -1 -2
686 687 688 689 690 691 692 693 694 -1 686 -1 690 691 693 -1 2692 2693 2694 2695 1937 1938 1579 1580 1470 1471 1472 1584 1475 1199 1477 1478 1479 1480 1481 1482 1483 1484 1518 54 1485 1486 685 1504 1505 1490 1491 1492 1498 1493 1494 1495 1496 1497 1499 1500 1501 1502 1503 165 135 1506 1564 1507 1508 1509 1510 1511 1512 1513 1514 1515 1573 2696 2697 -1 2409 54 135 1506 1563 1564 1565 1513 1517 1566 1567 1568 1569 1570 1571 1055 1572 1573 1574 1575 1937 1938 2698 1939 1940 1577 1578 1579 1580 1941 1582 1583 1942 2699 2700 2701 1473 2702 1915 2703 2704 2705 2706 2707 2708 1585 1586 1587 1588 1589 1590 1591 1592 1593 1594 1595 1596 1597 1598 1599 1600 1601 1602 1603 1604 1605 1606 1607 1608 1504 1505 1498 1499 1500 1501 1502 1503 2709 2390 2710 2711 1931 1932 1933 1934 1935 2712 1700 1701 1956 1957 2430 2431 2432 2433 2434 2412 2417 2420 2421 -1 1585 1586 1587 1588 1589 1590 1591 1592 1601 1602 1603 1604 1605 1606 1607 1608 1566 1567 1568 1569 1570 1571 1055 1572 -1 -2
1761 682 683 1237 1238 1240 684 1627 1628 1243 1244 184 1629 -1 186 1764 627 1765 1770 183 1775 185 1780 648 -1 1771 1767 1775 -1 1961 1775 -1 1775 1770 1786 -1 1961 1775 -1 -2
2713 -1 535 2714 2715 2716 2717 2718 2719 2720 2721 2722 2723 2724 2725 2726 2727 2728 2729 230 231 232 2730 2731 2732 2733 2734 2735 2736 2737 2738 2739 2740 2741 2742 2743 2744 2745 2746 2747 1222 2748 2749 2750 2751 2752 2753 2754 2755 2756 2757 2758 2759 2760 2761 2762 2763 310 311 312 313 314 315 316 2764 2765 2766 2767 321 322 323 324 325 281 2768 285 286 2769 292 295 304 305 307 2770 2771 2772 576 577 2137 2138 443 447 448 449 454 455 456 457 459 466 467 2477 468 469 470 472 2480 2043 475 476 477 478 479 480 482 483 484 2642 -1 511 512 788 789 794 1175 797 1662 798 799 15 16 17 18 19 20 21 22 801 805 802 806 803 804 532 533 871 2773 2774 2775 2776 2777 898 899 2778 2300 1724 2779 2780 2781 1040 800 1610 2782 1050 1104 2783 2784 2785 1037 2786 2787 2788 2789 2790 2791 2792 2793 2794 2795 2796 2797 2798 2799 2800 2801 2802 124 125 2803 2804 2805 2806 2807 2808 2809 2810 2811 2812 2813 2814 2815 2816 2817 2818 1616 875 876 1039 494 1011 1014 877 878 879 880 665 900 1012 1009 1010 699 2819 522 523 661 662 855 1015 1007 1008 517 663 664 666 858 487 860 1018 861 1316 863 1319 1022 1023 868 2820 2821 2298 981 1005 196 985 1183 1184 811 812 -1 330 331 201 202 374 925 375 376 377 927 928 929 206 207 40 537 930 208 209 210 933 211 844 845 934 935 847 849 73 852 74 2156 2822 590 591 593 352 353 1262 1263 1264 1265 1266 1267 1268 1269 1270 1271 1272 1273 1274 1275 1276 1277 1278 1279 1280 1281 1282 1283 1284 1285 1286 937 1287 939 940 1288 1289 1290 2823 2824 2825 2826 2827 2828 2829 2830 2831 2832 2039 2833 2834 2835 2836 2837 2838 2839 874 2840 2841 2842 2843 2844 610 611 612 613 619 621 622 623 624 625 626 584 586 962 1229 856 857 1017 1018 1038 488 862 865 866 867 1687 984 424 1006 212 942 943 213 214 731 1291 215 1292 1293 944 1294 945 1295 217 218 219 1296 1297 220 380 1298 1299 948 949 221 222 1255 223 650 224 225 1300 1301 368 370 371 350 -1 539 327 1258 2047 1216 2690 389 392 393 394 2049 2050 2051 395 2845 2846 2847 2848 2849 2850 2851 2852 1072 2853 2854 2855 2856 94 103 -1 2857 2625 987 988 86 2858 2859 2860 2861 2862 2863 2864 2865 2866 2867 2868 2869 2870 2871 2872 2873 2874 2875 2876 2877 2878 2879 2880 112 -1 -2
2535 822 825 -1 818 819 822 825 2531 2533 828 829 2535 831 833 834 2881 1041 -1 820 821 824 814 815 830 838 835 836 2845 -1 2532 2534 832 -1 842 702 839 -1 837 -1 -2
1040 2882 -1 2883 -1 1610 -1 2822 2884 -1 2884 -1 2784 2885 -1 2884 -1 -2
290 308 -1 2886 2598 289 2133 2134 2135 -1 253 -1 305 301 302 -1 322 313 314 -1 297 -1 285 -1 -2
576 577 -1 511 1040 662 1610 855 1015 1007 1008 2784 1016 857 1036 1051 1044 858 1017 487 1018 861 1316 1038 862 125 991 863 864 1019 512 982 1724 1020 1318 1319 983 1106 866 1021 1321 1022 1324 1052 867 1322 1023 868 1323 1326 984 1102 1103 1110 871 873 79 2156 883 1616 1617 876 1039 1011 1014 900 1012 1009 1010 699 1029 1030 2778 2300 1031 532 533 -1 97 -1 96 -1 883 1030 1029 1016 -1 1050 1104 1027 -1 1050 1104 1027 1105 1721 1722 1037 2887 1026 196 -1 -2
844 211 73 -1 73 -1 911 853 -1 853 -1 1705 2158 912 2159 2160 -1 660 615 2158 2159 -1 2158 2159 2160 -1 -2
2888 -1 1112 -1 2889 2890 2406 2891 -1 1063 -1 1111 -1 1112 -1 1111 -1 -2
2892 2893 2894 1141 1142 2895 2896 -1 1141 2895 2896 -1 2893 -1 1079 227 2346 1965 2599 2600 2303 2304 2305 2306 2301 2307 2302 2308 2309 2310 2311 2312 2313 2314 2315 2316 2011 1212 2328 2509 2317 2318 2319 2320 2321 2322 2323 2324 1069 1070 2508 1066 1067 1200 2514 2515 2326 1112 2183 2184 2185 2186 2187 2188 2189 2190 1047 2897 2898 2899 2900 2901 2902 2903 2904 2905 2906 2907 2908 2909 2910 2911 2215 2912 2913 2511 2510 2914 2915 2916 2917 2918 2512 2513 2249 2251 2252 2253 -1 953 -1 1069 1070 1066 2514 2509 2511 2512 2513 -1 1112 -1 -2
1303 1304 1805 2475 1827 1828 1829 1830 1831 1832 1833 1834 1835 1836 1837 2172 2173 1377 1378 1379 1380 1381 1382 1383 1384 2175 1759 2919 2920 2921 1838 2922 2923 2924 2925 2926 2927 2928 2929 2930 2931 2932 2933 2934 2935 2936 2937 2938 2939 1351 668 667 2940 2941 1361 1839 1840 1841 1362 1842 1843 1844 1845 1846 1363 1364 1365 1366 1367 1368 1369 1370 1371 2942 2226 2227 2228 1856 2943 2944 1858 1859 1868 1869 1870 1871 1872 1873 1874 1875 1876 2285 2286 1877 1878 2945 2946 2947 2948 1887 2949 1888 -1 135 1506 1564 1515 1516 1610 2698 2699 1943 136 1955 1502 874 165 665 1009 1010 523 661 662 855 1007 1008 517 2950 2951 2952 663 664 666 858 2953 2954 2955 2956 2957 2958 2959 2960 2961 2962 2963 2964 2965 2966 2967 2968 2969 2970 2971 2972 2973 2974 2975 865 2976 2977 2978 2979 2980 2981 2982 2983 2984 2985 2986 2987 2988 2989 2990 2991 2992 2111 2112 2113 2114 2115 2116 1958 1959 1960 981 -1 2945 2958 2947 2960 2992 -1 2977 2978 -1 2993 2994 2995 2996 2997 2998 2999 3000 3001 3002 -1 3000 3001 3002 -1 2996 2994 -1 -2
23 -1 922 202 718 374 375 377 424 205 927 928 929 206 207 537 930 352 23 209 210 353 1299 212 942 943 213 214 74 2634 215 1292 1293 944 1732 945 216 217 218 219 1294 1295 220 1296 1297 1298 948 949 222 223 650 224 225 1300 1301 -1 358 2634 2020 1291 2635 1292 -1 2636 2634 -1 933 -1 206 207 222 1299 209 224 213 214 844 1292 1293 1294 1295 1296 1297 217 218 219 -1 2020 1291 -1 -2
34 -1 587 588 1650 589 590 591 -1 587 590 90 -1 40 590 591 592 593 -1 57 -1 57 40 591 -1 589 -1 40 593 -1 -2
254 -1 254 255 -1 254 -1 254 278 -1 254 -1 1336 -1 254 -1 254 255 -1 -2
2043 2044 3003 -1 2637 2045 -1 201 202 374 925 377 926 210 933 3004 853 911 212 336 942 73 943 213 74 214 215 731 944 1732 945 216 217 218 219 220 380 946 948 949 221 222 1703 950 223 650 224 225 1702 368 -1 911 3005 3006 3007 -1 361 362 331 924 374 377 333 1674 1729 1730 212 218 219 221 222 225 342 344 368 349 369 370 -1 328 330 331 926 356 200 378 851 1670 1669 1671 1672 1731 366 845 846 934 935 847 731 947 86 951 952 342 344 346 112 371 -1 113 -1 111 -1 -2
2422 2424 2425 2426 2427 -1 2666 2667 2668 2670 2671 2409 1481 2423 1513 2428 2429 2430 2431 2432 2433 2434 2412 2417 2420 2421 -1 1047 2394 2395 1529 1530 1531 1532 1533 1534 1054 1535 1539 1540 1541 1542 1543 1713 2673 1714 1715 1716 1717 1718 2443 1566 1567 1568 1569 1570 1571 1055 1572 2396 2397 -1 1539 1540 1541 1542 1543 2394 2395 2396 2397 -1 1481 1482 1483 1484 2664 2665 2666 2667 2668 2669 2670 2671 2672 1477 1478 1479 1480 -1 1483 1479 -1 2410 2411 2435 2436 2437 2438 2439 2440 2441 1520 1521 1522 1523 1524 1525 1526 1527 1528 54 1566 1567 1568 1569 1570 1571 1055 1572 -1 1519 1542 1543 54 1566 1568 1055 1572 2397 -1 -2
1111 1112 -1 552 -1 620 -1 592 -1 1111 -1 622 607 -1 538 1112 -1 604 -1 -2
3008 -1 1202 460 1203 -1 1767 1770 -1 116 -1 1762 1237 1238 1240 1243 1244 779 1774 682 683 781 684 1627 1628 1778 184 783 1629 1239 -1 1239 -1 1203 -1 1202 -1 -2
1859 1868 2198 2205 2656 1362 2657 2658 3009 3010 3011 3012 3013 3014 2226 1827 1828 2229 1852 1853 1854 1855 1856 1748 3015 2238 2172 2173 2239 2175 1858 1759 2177 2178 2245 2919 2180 2181 2920 2921 -1 3016 1808 3017 3018 3019 3020 3021 3022 3023 3024 3025 -1 3017 3018 -1 3023 3024 -1 2656 2657 2658 1748 3026 2227 2228 2082 2083 2084 2085 2086 2087 1831 1829 -1 3022 1831 -1 1682 1683 1684 955 954 2213 2214 1685 1686 956 -1 1682 1683 955 954 1685 -1 -2
138 139 140 141 142 143 -1 93 95 96 97 98 99 100 101 102 104 105 107 82 -1 234 235 236 237 -1 238 239 240 241 242 3027 243 3028 3029 3030 3031 3032 3033 3034 -1 3035 3036 3037 1332 3038 1333 3039 3040 244 245 246 247 248 249 250 251 90 252 253 -1 84 -1 87 89 106 -1 85 86 88 91 92 94 115 103 113 108 109 110 111 112 81 114 83 -1 3035 3036 1332 3038 1333 3039 3040 -1 -2
1072 -1 1072 2853 2854 393 2855 3041 2050 2051 2856 3042 3043 3044 539 -1 3045 3046 628 -1 1060 1061 1963 1062 -1 3045 -1 3046 628 3047 -1 3041 3048 -1 2856 2854 2855 -1 551 -1 -2
3049 3050 -1 3050 -1 3049 -1 3049 3050 -1 3049 -1 3050 -1 3049 3050 -1 3050 -1 3049 3050 -1 -2
3004 -1 3051 -1 615 -1 269 270 3052 3053 3054 3055 3056 3057 3058 3059 260 262 263 264 -1 596 -1 1705 2158 912 2159 2160 -1 263 3056 -1 269 270 3055 3056 3057 3059 3060 913 3061 914 259 260 264 267 -1 2595 2596 2589 2590 -1 -2
3062 3063 3064 3065 2507 3066 3067 3068 3069 3011 3012 3013 3014 1827 1828 1829 2527 2013 2014 2015 2016 3070 3071 3072 3073 3074 1376 1377 1378 1379 1380 1381 1382 1383 1384 1339 1350 1351 1352 1353 1354 668 1355 1356 667 1360 1047 1361 1839 1840 1841 1362 1842 1843 1844 1845 1846 1363 1364 1365 1366 1367 1368 1369 1370 1371 1453 1372 1373 1374 1375 2229 1854 1855 1856 2072 2073 2074 2075 2076 2077 2078 2079 669 670 1115 1116 1117 1118 1119 1120 1121 1122 -1 3064 -1 1111 3067 -1 3063 -1 3066 -1 2409 2675 2676 2677 2678 2679 2680 2681 2682 54 1490 1491 1492 1493 1494 1495 1496 1497 1538 1308 1563 1564 1565 1513 1514 1515 1566 1567 1568 1569 1570 1571 1055 1572 1573 1462 1463 1464 1465 1466 1467 1579 1580 1582 1583 1584 1475 1585 1586 1587 1588 1589 1590 1591 1592 1593 1594 1595 1596 1597 1598 1599 1600 1601 1602 1603 1604 1605 1606 1607 1608 165 2709 2390 2710 2711 3075 3076 1931 1932 1933 1934 1935 1936 2712 3077 2476 3078 3079 2391 3080 3081 2392 3082 3083 2393 3084 3085 3086 3087 2398 2360 2361 2362 2363 3088 2364 2365 2366 2367 2368 2348 3089 2460 2461 3090 3091 2353 2354 2369 2355 2356 2357 2358 2359 3092 3093 3094 3095 3096 3097 3098 1713 2673 2422 2423 2424 1714 1715 1716 1717 1718 2443 2425 2426 2427 2428 2429 2430 2432 2433 2434 2412 2417 2420 2421 -1 3094 3095 3096 -1 3082 3083 3081 -1 1111 1112 -1 -2
2932 2933 2934 2935 2943 2937 2938 2939 2962 3099 3100 3101 3102 3103 3104 3105 3106 2930 2942 -1 2957 2962 2964 2965 2966 2967 2968 2969 2970 2971 2972 2940 37 2475 2980 2982 2983 2984 2985 2986 2987 2988 2989 3107 3108 3109 1955 3110 3111 3112 3113 3114 3115 165 -1 1937 1938 1472 2962 2964 36 2940 2475 2982 2983 2984 2985 2986 2987 2988 2989 3108 1949 1950 1951 1952 1953 1954 3102 3103 3104 3105 3106 3115 3116 3117 3118 -1 2932 2933 2934 2935 2943 2937 2938 2939 2962 2964 2965 2966 2967 2968 2969 2970 2971 2972 2975 2980 2982 2983 2984 2985 2986 2987 2988 2989 3099 3100 3101 3102 3103 3104 3105 3106 1955 3119 2125 2126 2127 3120 3121 3122 3123 1549 2930 2942 -1 1304 1805 1889 1809 1810 1811 1812 2169 2170 2171 2174 2177 2178 2179 2180 2181 1838 1351 1361 1839 1840 1841 1362 1842 1843 1844 1845 1846 1847 1848 1849 1850 1798 1799 1800 1851 1371 3124 3125 3126 3127 3128 2529 3129 3130 3131 3132 3133 3134 3135 3136 3137 3138 3139 3140 3141 3142 3143 3144 3145 3146 3147 3148 3149 3150 2944 3151 3152 3153 3154 3155 3156 3157 3158 1115 1116 1117 1118 1119 1120 1121 1122 3159 1860 1861 1862 1863 2270 1864 1865 1866 1867 1868 1875 1879 2657 2658 1880 1881 1882 1883 1884 1885 1886 3160 1887 -1 1851 3156 1122 -1 1869 1870 1739 3161 3162 3163 3164 3165 3166 2528 3167 3168 3169 3170 3171 3172 3173 3174 3175 3176 3177 3178 2177 2178 2180 2181 -1 2973 -1 136 -1 -2
898 -1 615 -1 898 -1 2021 174 -1 898 1712 -1 898 -1 661 1040 662 855 1015 1007 1008 517 1050 857 663 664 666 858 1037 487 860 1018 861 1038 488 862 124 125 863 865 866 867 2298 981 868 1005 1006 196 874 875 876 1039 1011 1014 665 900 1012 1009 1010 899 -1 855 1015 1016 856 486 857 1017 579 580 859 581 860 1018 861 898 488 862 124 125 863 651 652 653 654 655 1019 982 489 490 1020 1319 983 866 1022 867 981 1023 868 984 1024 1025 1013 1027 196 3179 1039 1029 582 881 1030 656 506 507 1031 882 657 -1 1026 1102 1103 1051 1104 1106 1318 1037 1109 1324 883 1326 1013 991 882 1052 -1 991 -1 -2
329 549 360 367 725 337 348 -1 726 901 1651 -1 920 721 423 921 716 730 922 717 1034 1033 536 923 719 -1 117 -1 377 372 373 761 223 379 362 925 345 368 375 374 369 381 370 376 350 -1 216 212 -1 214 220 213 -1 206 207 208 209 210 223 731 215 203 743 204 216 217 205 -1 224 212 -1 450 -1 -2
74 -1 939 -1 74 -1 939 -1 74 -1 939 -1 74 -1 939 -1 74 -1 939 -1 -2
180 1097 1061 1963 1964 3180 -1 180 -1 3180 386 -1 3181 -1 3180 1096 386 -1 386 -1 3180 386 1101 -1 180 1098 -1 180 -1 1101 -1 180 386 1101 -1 -2
428 432 433 24 440 -1 426 429 -1 429 -1 426 429 -1 429 -1 426 429 -1 429 -1 1032 433 -1 2096 24 431 -1 428 434 2094 2095 2096 24 440 -1 429 430 2096 3182 -1 -2
1462 1463 1464 1465 1466 1467 1468 1469 1580 3090 3091 2703 2705 2706 1473 2707 2708 1474 2370 2371 2372 3183 3184 3185 3186 3187 3188 2125 2126 2127 1548 1549 1551 1552 165 135 1713 2673 1564 2422 2423 2424 1714 1715 1716 1717 1718 2443 2425 2426 2427 2429 -1 1246 1676 772 1675 1677 1247 1248 1249 3189 3190 3191 3192 3193 3194 1891 1892 1893 1895 1894 1897 -1 1893 3189 3192 1246 1247 -1 1676 -1 2360 2361 2362 2363 3088 2364 2365 2366 2367 2368 2348 2353 2354 2369 2355 2356 2357 2358 2359 3092 3094 3095 1248 3096 3098 1534 1054 1535 3190 3194 2349 2350 2351 2352 2382 2383 2384 2385 2386 2387 3195 3196 1308 1892 1895 1564 1894 1897 3077 2391 3081 2392 3082 3083 2393 2398 -1 2368 -1 3081 3082 3083 3094 3095 3096 -1 2362 1606 1607 3183 3184 3185 3197 3198 3199 3200 3201 3202 3203 3204 3205 3206 3207 1554 1555 1556 1557 1558 3208 3209 3210 3211 3212 3213 3214 3215 3216 3217 3218 3219 3220 3221 3222 3223 1936 2712 3224 3225 3226 3227 2391 3228 3229 2393 -1 2348 3089 2460 2461 3090 3091 2353 2354 2369 2355 1473 2356 2357 2358 2359 3093 3097 1594 1486 1487 1488 1489 3183 3184 3185 3188 1308 2422 2423 2424 2425 1513 2426 2427 2428 2429 1574 -1 2353 2354 2369 2355 2356 2357 2358 2359 2393 -1 136 -1 -2
1798 1799 1303 1830 1831 1832 1833 1834 1835 1836 1837 1751 1752 1753 1754 1755 1756 1757 1758 2172 2173 1377 1378 1379 1380 1381 1382 1383 1384 2175 1759 2177 2178 2921 1838 1340 2183 2184 2185 2186 2187 2188 2189 2190 1351 2920 1047 1361 1839 1840 1841 1362 1842 1843 1844 1845 1846 1847 1848 1849 1850 1363 1364 1365 1366 1367 1368 1369 1370 1371 1800 1851 3167 2072 2073 2074 2075 1134 1135 1136 1137 3168 3169 3170 1858 3230 3231 3232 3233 3234 3235 3236 1115 1116 1117 1118 1119 1120 1121 1122 2517 1859 1860 1861 1862 1863 1864 1865 1866 1867 1868 3237 3238 3239 3240 3241 3242 3015 3243 3244 3245 3246 3247 3248 3249 3250 3251 -1 3252 3253 3016 1353 668 667 1360 44 1436 2215 1993 1453 3254 1808 2273 3017 3018 3019 3020 3021 3022 956 3023 3024 3025 3255 -1 3017 3018 -1 3023 3024 -1 2199 2200 2201 2202 2203 2204 2205 3011 3012 1739 3013 2226 2227 2228 2229 3014 1749 1832 2242 2243 2244 2245 -1 3022 -1 2256 2257 2258 2259 2260 2261 3256 3159 3257 3258 3259 3260 3261 3262 3263 3264 3265 3266 3267 3268 3269 3270 3271 1869 2198 1870 1871 1872 2202 2203 3156 1873 1874 1877 1878 1879 1880 1881 1882 1883 1884 1885 1886 1887 1304 1801 1802 1803 3127 3128 3130 3131 3272 3143 3144 3145 3146 2238 2239 2240 2241 2944 3151 3152 3153 3154 3155 3157 3158 -1 1889 2945 2946 2947 2948 2529 2949 1888 669 -1 2947 2945 -1 3260 3273 3274 3275 2518 2519 3276 3277 3278 3279 3280 3281 3282 3283 3284 1875 1876 2285 2286 2287 2505 2506 3285 3286 3287 3288 3289 1804 1805 3161 3147 3148 3149 3150 2931 2936 2941 2922 2923 2924 2925 2926 2927 2928 2929 -1 3253 -1 -2
58 -1 206 207 208 209 58 205 -1 58 -1 128 380 360 373 1656 223 1657 364 343 345 376 2046 350 -1 128 1656 1657 1653 -1 1653 -1 128 1653 726 1656 1657 -1 128 1656 1657 3290 343 -1 128 1653 360 1656 1657 -1 128 1656 -1 128 1656 1657 1653 -1 1657 -1 -2
1663 1664 773 -1 1663 1664 -1 627 1627 1778 1663 1664 -1 1663 1664 773 -1 1663 1664 -1 1663 1664 773 -1 1663 1664 -1 1664 -1 1664 1627 -1 1664 -1 774 -1 679 680 -1 -2
1112 -1 1111 -1 1112 -1 1350 1352 1374 1375 -1 1112 -1 1360 1372 1373 1353 -1 1112 -1 1111 -1 1112 -1 2256 2257 2258 2259 2260 2261 1740 1741 3272 1356 2254 2255 -1 64 -1 1112 -1 -2
3291 2642 -1 3292 2781 -1 1050 2829 1307 1274 1302 3293 -1 2721 1047 2055 443 476 482 -1 2757 2477 313 314 305 2745 322 3294 -1 2854 2855 2049 2050 2051 2856 2848 1216 -1 2724 2726 2732 2738 448 449 2718 -1 788 789 2786 285 2789 2792 2793 2795 15 16 17 18 19 20 21 22 801 802 2801 2821 2803 2805 2806 2807 2808 2812 2814 2815 2816 2800 2750 2751 2754 2755 2760 2761 2775 2777 -1 661 662 1007 1008 517 663 664 666 858 2840 1018 593 424 205 206 207 208 209 1267 1270 1271 981 1279 1284 1286 1287 2826 213 214 2836 2837 1292 2839 1294 1295 1296 216 217 218 219 1297 1299 2843 221 222 223 224 665 1009 1010 611 613 523 624 625 -1 2867 2868 2870 2875 2876 2857 -1 2183 2184 2185 2186 2187 2188 2189 2190 2303 2304 2305 2306 2301 2307 2302 2308 2309 2310 2311 2312 2313 2314 2315 2316 2317 2318 2319 2320 2321 2322 2323 2324 -1 2510 3295 1069 1070 2508 1066 1067 1200 2514 2515 1079 2215 227 2509 1212 2511 2512 2513 -1 -2
1069 1070 1064 1065 2508 1066 1067 1200 2514 2515 1212 2509 1068 1760 -1 1069 1070 1064 1066 2514 2509 1068 1760 -1 3026 1351 1361 1839 1840 1841 1842 1843 1844 1845 1846 3011 3012 3013 3014 2228 2229 3163 2082 2083 2084 2085 2086 2087 2088 2089 -1 3253 3296 3297 3298 3299 1839 1840 1841 1842 1843 1844 1845 1846 1378 1379 1380 1381 1382 1384 -1 1340 1341 1342 1343 1344 1345 1346 1347 1348 3297 2303 2304 2305 2306 2301 2307 2302 2308 3011 3012 3013 3014 2226 2227 2228 2229 -1 3253 3296 2514 -1 2256 2257 2258 2259 1751 1752 1753 2260 2261 52 53 3272 1745 1746 1747 2254 2255 -1 2183 2184 2185 2186 2187 2188 2189 2190 3300 3301 3302 3303 3304 3305 3306 3307 3308 3309 3310 3311 3312 3313 3314 1047 2215 1965 2303 2304 2305 2306 2301 2307 2302 2308 2309 2310 2311 2312 2313 2314 2315 2316 2011 2317 2318 2319 2320 2321 2322 2323 2324 -1 2328 -1 2337 2340 1966 2345 1077 -1 3315 3316 3317 3318 2339 2502 2343 3319 1077 1079 2336 1080 3320 3321 -1 2337 1080 -1 2339 -1 -2
2664 2665 2666 2667 2422 2423 2668 2669 2670 2671 2425 2426 2428 2429 2672 -1 2409 1477 1478 1479 1480 1481 1482 1483 1484 2424 1513 2427 2430 2431 2432 2433 2434 2412 2417 2420 2421 -1 2410 2411 2435 2436 2437 2438 2439 2440 2441 2394 1519 1520 1521 1522 1523 1524 1525 1526 1527 1528 1529 1530 54 1531 1532 1533 1534 1535 1054 1539 1540 1541 1542 1543 2395 1713 2673 1714 1715 1716 1717 1718 2443 1566 1567 1568 1569 1570 1571 1055 1572 2396 2397 -1 2664 2665 2666 2667 2668 2669 2670 2671 2409 2412 1477 1478 1479 1480 1481 1482 1483 1484 2422 2423 2424 2425 1513 2426 2427 2428 2429 2430 2431 2432 2433 2434 2417 2420 2421 2672 -1 2410 2411 2435 2436 2437 2438 2439 2440 2441 2413 2414 2415 2416 2418 2419 1477 1478 1479 1480 1481 1482 1483 1484 2394 1519 1520 1521 1522 1523 1524 1525 1526 1527 1528 1529 1530 54 1531 1532 1533 1534 1535 1054 1539 1540 1541 1542 1543 2395 1713 2673 1714 1715 1716 1717 1718 2443 1566 1567 1568 1569 1570 1571 1055 1572 2396 2397 -1 1522 1566 1567 1568 1569 1570 1571 1055 1572 -1 1481 1570 1482 1527 1528 1529 1531 1532 1533 1534 1566 1568 1571 -1 1569 1570 1571 1567 -1 2394 1539 1540 1541 1542 1543 1567 1055 2395 -1 1481 1482 1567 1569 1055 -1 1571 1572 1567 1568 -1 1566 1567 1569 1570 1571 1572 -1 1566 1568 1569 1570 1571 1055 1572 -1 2664 2665 2666 2667 2668 2669 2670 2671 1566 2672 -1 1570 1571 1055 1567 -1 2394 1539 1540 1541 1542 1543 1533 1568 1569 1570 1055 -1 3322 2394 1540 1541 1543 1566 1567 1568 1569 1570 1571 1055 1572 -1 1570 -1 -2
2892 2893 2894 1141 1142 2895 3323 2896 -1 3062 -1 1141 2895 -1 2896 -1 1304 1872 1873 1874 1883 2946 1887 1830 1831 1832 1833 1834 1835 1836 1837 2177 2178 2180 2181 1838 1351 2198 2199 2200 2201 1361 1839 1840 1841 1362 1842 1843 1844 1845 1846 1847 1848 1849 1850 1798 1799 1800 1851 1371 1748 1749 3137 3138 3139 3140 3141 3142 3143 3144 3145 3146 3147 3148 3149 3150 2944 1858 2242 3152 2243 3154 2082 2244 2245 3151 3153 3155 3156 3157 3158 3324 1115 1116 1117 1118 1119 1120 1121 1122 3325 3326 3327 3328 3329 3330 3331 3332 3159 3026 1859 1860 1861 1862 1863 1864 1865 1866 1867 1868 3333 3334 3335 3336 3337 3338 3339 1869 1870 1871 2656 2657 2658 1877 1878 2505 2506 3285 3286 1879 1880 1881 1882 3340 1884 1885 1886 2945 3341 3160 2947 2948 1890 3342 2949 1888 3343 -1 1860 1861 1862 1863 1864 1865 1866 1867 1869 1870 1871 1872 1873 1874 1877 1878 1839 1840 1841 1842 1843 1844 1845 1846 1879 1880 1881 1882 1883 1884 1885 1886 1887 136 3062 3063 3064 2507 3066 3067 3068 3069 1830 1831 1832 1833 1834 1835 1836 1837 -1 2893 -1 2947 2945 -1 3067 -1 3064 1112 -1 3066 -1 3063 -1 2993 1141 1142 2895 2994 2995 2996 2997 2998 2999 3000 3001 3002 -1 1111 -1 1141 2895 -1 2996 2994 -1 3000 3001 3002 -1 1111 -1 -2
1351 1047 1361 2656 1362 2657 2658 1363 1364 1365 1366 1367 1368 1369 1370 1371 2303 2304 2305 2306 2301 2307 2302 2308 1748 1749 2014 2015 2016 3070 3071 3072 3073 1751 1752 1753 1754 1755 1756 1757 1758 1377 1378 1379 1380 1381 1382 1383 1384 2181 -1 1339 1350 1352 1353 1354 668 1355 1356 667 1358 1360 1363 1365 1453 1372 1373 1374 1375 1376 -1 1360 1372 1373 1374 1350 1352 1353 -1 1805 1830 1831 1832 1833 1834 1835 1836 1837 2170 2171 2174 2176 2179 1686 956 2182 1838 1682 1683 1684 2183 2184 2185 2186 2187 2188 2189 2190 955 1351 954 1047 1361 1839 1840 1841 1362 1842 1843 1844 1845 1846 1847 1848 1849 1850 1798 1799 1800 1851 2213 2214 2215 1685 1371 3163 1857 2230 2231 2232 2233 2234 2235 2238 2239 2240 2241 2017 1115 1116 1117 1118 1119 1120 1121 1122 2270 1875 1876 2285 -1 955 954 -1 1682 1683 1685 -1 2517 2527 1749 1134 1135 1136 1137 1140 2076 2077 2078 2079 3344 3230 3231 3232 3233 3234 3235 3236 -1 1356 -1 3253 3296 52 668 2088 2089 -1 3345 3297 3298 3299 2500 53 -1 3253 3296 3297 -1 53 3163 3014 -1 52 3011 2226 2227 2228 2229 -1 2320 2321 2322 2323 2324 2339 2343 1079 2346 1965 1080 2336 2317 2318 2319 -1 2337 2340 1966 2345 1077 -1 2337 1080 1965 -1 1965 -1 2320 2321 2322 2323 2324 2317 2318 2319 -1 2339 -1 -2
